
TracePro Release: 3 2 0 
Polar Candela Distribution Data for 
Data covers +/- 180.000 degrees from Normal
Data for Missed Rays
Data generated at 13:30:38 September 09, 2025

	   0.0	 180.0
0.000	       1.82997	       1.82997	
0.321	       1.82997	       1.82997	
0.643	      0.638988	      0.610183	
0.964	      0.638988	      0.610183	
1.286	             0	       1.22026	
1.607	             0	       1.22026	
1.929	      0.607107	             0	
2.250	      0.607107	             0	
2.571	      0.726335	             0	
2.893	      0.726335	             0	
3.214	       2.31432	      0.608029	
3.536	       2.31432	      0.608029	
3.857	       2.31432	      0.608029	
4.179	             0	             0	
4.500	             0	             0	
4.821	       1.14311	      0.705263	
5.143	       1.14311	      0.705263	
5.464	             0	             0	
5.786	             0	             0	
6.107	       1.13215	      0.416195	
6.429	       1.13215	      0.416195	
6.750	      0.618505	             0	
7.071	      0.618505	             0	
7.393	       1.18524	      0.241941	
7.714	       1.18524	      0.241941	
8.036	       1.18524	      0.241941	
8.357	      0.591742	     0.0763849	
8.679	      0.591742	     0.0763849	
9.000	       1.74703	       1.18222	
9.321	       1.74703	       1.18222	
9.643	       2.86185	      0.584882	
9.964	       2.86185	      0.584882	
10.286	             0	       1.74257	
10.607	             0	       1.74257	
10.929	             0	             0	
11.250	             0	             0	
11.571	             0	             0	
11.893	       1.17921	             0	
12.214	       1.17921	             0	
12.536	             0	             0	
12.857	             0	             0	
13.179	       1.17335	      0.091294	
13.500	       1.17335	      0.091294	
13.821	       1.25495	       0.17876	
14.143	       1.25495	       0.17876	
14.464	             0	     0.0611989	
14.786	             0	     0.0611989	
15.107	             0	     0.0611989	
15.429	      0.808888	             0	
15.750	      0.808888	             0	
16.071	      0.589177	      0.161361	
16.393	      0.589177	      0.161361	
16.714	       1.17849	             0	
17.036	       1.17849	             0	
17.357	             0	      0.152326	
17.679	             0	      0.152326	
18.000	      0.430232	             0	
18.321	      0.430232	             0	
18.643	       1.06148	             0	
18.964	       1.06148	             0	
19.286	       1.06148	             0	
19.607	             0	             0	
19.929	             0	             0	
20.250	      0.586028	      0.132647	
20.571	      0.586028	      0.132647	
20.893	      0.639412	             0	
21.214	      0.639412	             0	
21.536	             0	             0	
21.857	             0	             0	
22.179	       2.14722	     0.0611956	
22.500	       2.14722	     0.0611956	
22.821	       2.14722	     0.0611956	
23.143	      0.422978	             0	
23.464	      0.422978	             0	
23.786	             0	       0.05621	
24.107	             0	       0.05621	
24.429	       1.27862	             0	
24.750	       1.27862	             0	
25.071	       2.02192	       0.05333	
25.393	       2.02192	       0.05333	
25.714	             0	     0.0523079	
26.036	             0	     0.0523079	
26.357	             0	     0.0523079	
26.679	             0	             0	
27.000	             0	             0	
27.321	       1.01516	             0	
27.643	       1.01516	             0	
27.964	       1.27826	             0	
28.286	       1.27826	             0	
28.607	      0.547537	             0	
28.929	      0.547537	             0	
29.250	             0	             0	
29.571	             0	             0	
29.893	      0.311232	             0	
30.214	      0.311232	             0	
30.536	      0.311232	             0	
30.857	      0.144858	        228.95	
31.179	      0.144858	        228.95	
31.500	             0	        2.5658	
31.821	             0	        2.5658	
32.143	             0	        1.2851	
32.464	             0	        1.2851	
32.786	      0.477762	             0	
33.107	      0.477762	             0	
33.429	      0.942295	             0	
33.750	      0.942295	             0	
34.071	      0.942295	             0	
34.393	             0	             0	
34.714	             0	             0	
35.036	        1.0117	      0.638502	
35.357	        1.0117	      0.638502	
35.679	             0	       1.28759	
36.000	             0	       1.28759	
36.321	     0.0882347	             0	
36.643	     0.0882347	             0	
36.964	             0	       1.94193	
37.286	             0	       1.94193	
37.607	             0	       1.94193	
37.929	       1.27604	             0	
38.250	       1.27604	             0	
38.571	      0.637774	             0	
38.893	      0.637774	             0	
39.214	             0	             0	
39.536	             0	             0	
39.857	             0	      0.118519	
40.179	             0	      0.118519	
40.500	             0	             0	
40.821	             0	             0	
41.143	             0	             0	
41.464	             0	             0	
41.786	             0	             0	
42.107	             0	             0	
42.429	             0	             0	
42.750	             0	             0	
43.071	             0	             0	
43.393	             0	       1.27267	
43.714	             0	       1.27267	
44.036	             0	      0.635993	
44.357	             0	      0.635993	
44.679	             0	             0	
45.000	             0	             0	
45.321	             0	             0	
45.643	             0	             0	
45.964	             0	             0	
46.286	     0.0937951	             0	
46.607	     0.0937951	             0	
46.929	             0	             0	
47.250	             0	             0	
47.571	             0	             0	
47.893	             0	             0	
48.214	             0	             0	
48.536	             0	             0	
48.857	             0	             0	
49.179	             0	             0	
49.500	             0	             0	
49.821	             0	             0	
50.143	             0	             0	
50.464	       1.26497	             0	
50.786	       1.26497	             0	
51.107	      0.580588	             0	
51.429	      0.580588	             0	
51.750	             0	             0	
52.071	             0	             0	
52.393	             0	             0	
52.714	             0	             0	
53.036	             0	             0	
53.357	      0.984099	             0	
53.679	      0.984099	             0	
54.000	             0	             0	
54.321	             0	             0	
54.643	       1.40614	      0.065087	
54.964	       1.40614	      0.065087	
55.286	      0.724228	             0	
55.607	      0.724228	             0	
55.929	      0.747307	             0	
56.250	      0.747307	             0	
56.571	      0.747307	             0	
56.893	       2.12791	             0	
57.214	       2.12791	             0	
57.536	             0	             0	
57.857	             0	             0	
58.179	             0	             0	
58.500	             0	             0	
58.821	             0	             0	
59.143	             0	             0	
59.464	             0	             0	
59.786	             0	             0	
60.107	             0	             0	
60.429	             0	             0	
60.750	             0	             0	
61.071	      0.842208	             0	
61.393	      0.842208	             0	
61.714	      0.855383	             0	
62.036	      0.855383	             0	
62.357	       2.80437	             0	
62.679	       2.80437	             0	
63.000	             0	             0	
63.321	             0	             0	
63.643	             0	             0	
63.964	             0	             0	
64.286	             0	             0	
64.607	       1.78778	             0	
64.929	       1.78778	             0	
65.250	       3.74822	             0	
65.571	       3.74822	             0	
65.893	       1.81589	             0	
66.214	       1.81589	             0	
66.536	      0.917706	             0	
66.857	      0.917706	             0	
67.179	      0.922792	             0	
67.500	      0.922792	             0	
67.821	      0.922792	             0	
68.143	       5.57987	             0	
68.464	       5.57987	             0	
68.786	       3.77683	             0	
69.107	       3.77683	             0	
69.429	       1.87874	             0	
69.750	       1.87874	             0	
70.071	        3.7704	             0	
70.393	        3.7704	             0	
70.714	       1.89555	             0	
71.036	       1.89555	             0	
71.357	       1.89555	             0	
71.679	       1.89748	             0	
72.000	       1.89748	             0	
72.321	      0.954465	             0	
72.643	      0.954465	             0	
72.964	      0.956709	             0	
73.286	      0.956709	             0	
73.607	       1.92959	             0	
73.929	       1.92959	             0	
74.250	             0	             0	
74.571	             0	             0	
74.893	       3.84575	             0	
75.214	       3.84575	             0	
75.536	       3.84575	             0	
75.857	             0	             0	
76.179	             0	             0	
76.500	       1.93058	             0	
76.821	       1.93058	             0	
77.143	       1.93187	             0	
77.464	       1.93187	             0	
77.786	       4.83482	             0	
78.107	       4.83482	             0	
78.429	       3.87154	     0.0576462	
78.750	       3.87154	     0.0576462	
79.071	       3.87154	     0.0576462	
79.393	       3.87495	      0.215097	
79.714	       3.87495	      0.215097	
80.036	      0.969258	       14.2563	
80.357	      0.969258	       14.2563	
80.679	       6.78801	       0.83127	
81.000	       6.78801	       0.83127	
81.321	        6.7894	      0.506252	
81.643	        6.7894	      0.506252	
81.964	       3.88155	      0.108256	
82.286	       3.88155	      0.108256	
82.607	       3.88155	      0.108256	
82.929	        3.8818	       14.3232	
83.250	        3.8818	       14.3232	
83.571	        2.9641	             0	
83.893	        2.9641	             0	
84.214	       7.76632	             0	
84.536	       7.76632	             0	
84.857	      0.970804	             0	
85.179	      0.970804	             0	
85.500	       1.94179	             0	
85.821	       1.94179	             0	
86.143	       5.82558	             0	
86.464	       5.82558	             0	
86.786	       5.82558	             0	
87.107	        5.8257	             0	
87.429	        5.8257	             0	
87.750	       5.82576	             0	
88.071	       5.82576	             0	
88.393	        2.9129	             0	
88.714	        2.9129	             0	
89.036	       624.332	             0	
89.357	       624.332	             0	
89.679	             0	             0	
90.000	             0	             0	
90.321	             0	             0	
90.643	             0	             0	
90.964	             0	             0	
91.286	             0	             0	
91.607	             0	             0	
91.929	             0	             0	
92.250	             0	             0	
92.571	             0	             0	
92.893	             0	             0	
93.214	             0	             0	
93.536	             0	             0	
93.857	             0	             0	
94.179	             0	             0	
94.500	             0	             0	
94.821	             0	             0	
95.143	             0	             0	
95.464	       0.66856	             0	
95.786	       0.66856	             0	
96.107	             0	             0	
96.429	             0	             0	
96.750	             0	             0	
97.071	             0	             0	
97.393	             0	             0	
97.714	             0	             0	
98.036	             0	             0	
98.357	       0.44382	             0	
98.679	       0.44382	             0	
99.000	             0	             0	
99.321	             0	             0	
99.643	             0	             0	
99.964	             0	             0	
100.286	             0	             0	
100.607	             0	             0	
100.929	      0.220184	             0	
101.250	      0.220184	             0	
101.571	      0.220184	             0	
101.893	             0	             0	
102.214	             0	             0	
102.536	             0	             0	
102.857	             0	             0	
103.179	             0	             0	
103.500	             0	             0	
103.821	             0	             0	
104.143	             0	             0	
104.464	             0	             0	
104.786	             0	             0	
105.107	             0	             0	
105.429	             0	             0	
105.750	             0	             0	
106.071	             0	             0	
106.393	             0	             0	
106.714	             0	             0	
107.036	             0	             0	
107.357	             0	             0	
107.679	             0	             0	
108.000	             0	             0	
108.321	             0	             0	
108.643	             0	             0	
108.964	             0	             0	
109.286	             0	             0	
109.607	             0	             0	
109.929	             0	             0	
110.250	             0	             0	
110.571	             0	             0	
110.893	             0	             0	
111.214	             0	             0	
111.536	             0	             0	
111.857	             0	             0	
112.179	             0	             0	
112.500	             0	             0	
112.821	             0	             0	
113.143	             0	             0	
113.464	             0	             0	
113.786	             0	             0	
114.107	             0	             0	
114.429	             0	             0	
114.750	             0	             0	
115.071	             0	             0	
115.393	             0	             0	
115.714	             0	             0	
116.036	             0	             0	
116.357	             0	             0	
116.679	             0	             0	
117.000	             0	             0	
117.321	             0	             0	
117.643	             0	             0	
117.964	             0	             0	
118.286	             0	             0	
118.607	             0	             0	
118.929	             0	             0	
119.250	             0	             0	
119.571	             0	             0	
119.893	             0	             0	
120.214	             0	             0	
120.536	             0	             0	
120.857	             0	             0	
121.179	             0	             0	
121.500	             0	             0	
121.821	             0	             0	
122.143	             0	             0	
122.464	             0	             0	
122.786	             0	             0	
123.107	             0	             0	
123.429	             0	             0	
123.750	             0	             0	
124.071	             0	             0	
124.393	             0	             0	
124.714	             0	             0	
125.036	             0	             0	
125.357	             0	             0	
125.679	             0	             0	
126.000	             0	             0	
126.321	             0	             0	
126.643	             0	             0	
126.964	             0	             0	
127.286	             0	             0	
127.607	             0	             0	
127.929	             0	             0	
128.250	             0	             0	
128.571	             0	             0	
128.893	             0	             0	
129.214	             0	             0	
129.536	             0	             0	
129.857	             0	             0	
130.179	             0	             0	
130.500	             0	             0	
130.821	             0	             0	
131.143	             0	             0	
131.464	             0	             0	
131.786	             0	             0	
132.107	             0	             0	
132.429	             0	             0	
132.750	             0	             0	
133.071	             0	             0	
133.393	             0	             0	
133.714	             0	             0	
134.036	             0	             0	
134.357	             0	             0	
134.679	             0	             0	
135.000	             0	             0	
135.321	             0	             0	
135.643	             0	             0	
135.964	             0	             0	
136.286	             0	             0	
136.607	             0	             0	
136.929	             0	             0	
137.250	             0	             0	
137.571	             0	             0	
137.893	             0	             0	
138.214	             0	             0	
138.536	             0	             0	
138.857	             0	             0	
139.179	             0	             0	
139.500	             0	             0	
139.821	             0	             0	
140.143	             0	             0	
140.464	             0	             0	
140.786	             0	             0	
141.107	             0	             0	
141.429	             0	             0	
141.750	             0	             0	
142.071	             0	             0	
142.393	             0	             0	
142.714	             0	             0	
143.036	             0	             0	
143.357	             0	             0	
143.679	             0	             0	
144.000	             0	             0	
144.321	             0	             0	
144.643	             0	             0	
144.964	             0	             0	
145.286	             0	             0	
145.607	             0	             0	
145.929	             0	             0	
146.250	             0	             0	
146.571	             0	             0	
146.893	             0	             0	
147.214	             0	             0	
147.536	             0	             0	
147.857	             0	             0	
148.179	             0	             0	
148.500	             0	             0	
148.821	             0	             0	
149.143	             0	             0	
149.464	             0	             0	
149.786	             0	             0	
150.107	             0	             0	
150.429	             0	             0	
150.750	             0	             0	
151.071	             0	             0	
151.393	             0	             0	
151.714	             0	             0	
152.036	             0	             0	
152.357	             0	             0	
152.679	             0	             0	
153.000	             0	             0	
153.321	             0	             0	
153.643	             0	             0	
153.964	             0	             0	
154.286	             0	             0	
154.607	             0	             0	
154.929	             0	             0	
155.250	             0	             0	
155.571	             0	             0	
155.893	             0	             0	
156.214	             0	             0	
156.536	             0	             0	
156.857	             0	             0	
157.179	             0	             0	
157.500	             0	             0	
157.821	             0	             0	
158.143	             0	             0	
158.464	             0	             0	
158.786	             0	             0	
159.107	             0	             0	
159.429	             0	             0	
159.750	             0	             0	
160.071	             0	             0	
160.393	             0	             0	
160.714	             0	             0	
161.036	             0	             0	
161.357	             0	             0	
161.679	             0	             0	
162.000	             0	             0	
162.321	             0	             0	
162.643	             0	             0	
162.964	             0	             0	
163.286	             0	             0	
163.607	             0	             0	
163.929	             0	             0	
164.250	             0	             0	
164.571	             0	             0	
164.893	             0	             0	
165.214	             0	             0	
165.536	             0	             0	
165.857	             0	             0	
166.179	             0	             0	
166.500	             0	             0	
166.821	             0	             0	
167.143	             0	             0	
167.464	             0	             0	
167.786	             0	             0	
168.107	             0	             0	
168.429	             0	             0	
168.750	             0	             0	
169.071	             0	             0	
169.393	             0	             0	
169.714	             0	             0	
170.036	             0	             0	
170.357	             0	             0	
170.679	             0	             0	
171.000	             0	             0	
171.321	             0	             0	
171.643	             0	             0	
171.964	             0	             0	
172.286	             0	             0	
172.607	             0	             0	
172.929	             0	             0	
173.250	             0	             0	
173.571	             0	             0	
173.893	             0	             0	
174.214	             0	             0	
174.536	             0	             0	
174.857	             0	             0	
175.179	             0	             0	
175.500	             0	             0	
175.821	             0	             0	
176.143	             0	             0	
176.464	             0	             0	
176.786	             0	             0	
177.107	             0	             0	
177.429	             0	             0	
177.750	             0	             0	
178.071	             0	             0	
178.393	             0	             0	
178.714	             0	             0	
179.036	             0	             0	
179.357	             0	             0	
179.679	             0	             0	
180.000	             0	             0	
