
TracePro Release: 3 2 0 
Polar Candela Distribution Data for 
Data covers +/- 180.000 degrees from Normal
Data for Missed Rays
Data generated at 11:11:48 September 08, 2025

	   0.0	 180.0
0.000	             0	             0	
0.321	             0	             0	
0.643	      0.206319	             0	
0.964	      0.206319	             0	
1.286	             0	             0	
1.607	             0	             0	
1.929	             0	      0.237022	
2.250	             0	      0.237022	
2.571	             0	             0	
2.893	             0	             0	
3.214	             0	     0.0710943	
3.536	             0	     0.0710943	
3.857	             0	     0.0710943	
4.179	             0	      0.251213	
4.500	             0	      0.251213	
4.821	       0.43529	             0	
5.143	       0.43529	             0	
5.464	             0	             0	
5.786	             0	             0	
6.107	       1.29803	             0	
6.429	       1.29803	             0	
6.750	      0.143074	             0	
7.071	      0.143074	             0	
7.393	       0.90052	             0	
7.714	       0.90052	             0	
8.036	       0.90052	             0	
8.357	             0	             0	
8.679	             0	             0	
9.000	             0	             0	
9.321	             0	             0	
9.643	      0.170665	      0.242985	
9.964	      0.170665	      0.242985	
10.286	      0.720823	             0	
10.607	      0.720823	             0	
10.929	       0.18639	             0	
11.250	       0.18639	             0	
11.571	       0.18639	             0	
11.893	       1.52224	             0	
12.214	       1.52224	             0	
12.536	      0.195788	      0.488144	
12.857	      0.195788	      0.488144	
13.179	      0.791738	      0.308732	
13.500	      0.791738	      0.308732	
13.821	       0.60833	      0.978727	
14.143	       0.60833	      0.978727	
14.464	      0.620321	      0.978677	
14.786	      0.620321	      0.978677	
15.107	      0.620321	      0.978677	
15.429	             0	       3.42508	
15.750	             0	       3.42508	
16.071	      0.427268	       0.56955	
16.393	      0.427268	       0.56955	
16.714	       1.29778	             0	
17.036	       1.29778	             0	
17.357	      0.880202	             0	
17.679	      0.880202	             0	
18.000	      0.526991	      0.223336	
18.321	      0.526991	      0.223336	
18.643	       0.67153	      0.319342	
18.964	       0.67153	      0.319342	
19.286	       0.67153	      0.319342	
19.607	       1.35601	       1.70964	
19.929	       1.35601	       1.70964	
20.250	      0.456621	        4.3937	
20.571	      0.456621	        4.3937	
20.893	       1.60988	      0.932452	
21.214	       1.60988	      0.932452	
21.536	      0.462918	      0.816234	
21.857	      0.462918	      0.816234	
22.179	      0.930763	             0	
22.500	      0.930763	             0	
22.821	      0.930763	             0	
23.143	      0.562906	             0	
23.464	      0.562906	             0	
23.786	      0.235288	             0	
24.107	      0.235288	             0	
24.429	      0.805994	             0	
24.750	      0.805994	             0	
25.071	       1.90295	             0	
25.393	       1.90295	             0	
25.714	      0.936632	             0	
26.036	      0.936632	             0	
26.357	      0.936632	             0	
26.679	       0.95864	             0	
27.000	       0.95864	             0	
27.321	       1.20188	             0	
27.643	       1.20188	             0	
27.964	       2.41118	             0	
28.286	       2.41118	             0	
28.607	      0.694749	             0	
28.929	      0.694749	             0	
29.250	      0.836068	             0	
29.571	      0.836068	             0	
29.893	             0	             0	
30.214	             0	             0	
30.536	             0	             0	
30.857	      0.486328	             0	
31.179	      0.486328	             0	
31.500	       391.121	             0	
31.821	       391.121	             0	
32.143	       5.21773	             0	
32.464	       5.21773	             0	
32.786	       0.93879	             0	
33.107	       0.93879	             0	
33.429	       5.72563	             0	
33.750	       5.72563	             0	
34.071	       5.72563	             0	
34.393	       5.46236	             0	
34.714	       5.46236	             0	
35.036	       4.03693	             0	
35.357	       4.03693	             0	
35.679	       5.31954	             0	
36.000	       5.31954	             0	
36.321	       5.00477	             0	
36.643	       5.00477	             0	
36.964	       5.72105	      0.144204	
37.286	       5.72105	      0.144204	
37.607	       5.72105	      0.144204	
37.929	       5.28289	      0.438949	
38.250	       5.28289	      0.438949	
38.571	       3.11391	      0.420851	
38.893	       3.11391	      0.420851	
39.214	       10.5524	             0	
39.536	       10.5524	             0	
39.857	       2.88612	             0	
40.179	       2.88612	             0	
40.500	       3.84367	             0	
40.821	       3.84367	             0	
41.143	       10.5793	             0	
41.464	       10.5793	             0	
41.786	       10.5793	             0	
42.107	        2.8829	             0	
42.429	        2.8829	             0	
42.750	       5.77996	             0	
43.071	       5.77996	             0	
43.393	       10.5913	             0	
43.714	       10.5913	             0	
44.036	       8.18728	             0	
44.357	       8.18728	             0	
44.679	       11.5819	             0	
45.000	       11.5819	             0	
45.321	       11.5819	             0	
45.643	       8.69221	             0	
45.964	       8.69221	             0	
46.286	       9.66168	             0	
46.607	       9.66168	             0	
46.929	       21.7238	             0	
47.250	       21.7238	             0	
47.571	       6.76868	             0	
47.893	       6.76868	             0	
48.214	       5.80436	             0	
48.536	       5.80436	             0	
48.857	       5.80436	             0	
49.179	       13.5465	             0	
49.500	       13.5465	             0	
49.821	       8.71108	             0	
50.143	       8.71108	             0	
50.464	       22.1713	             0	
50.786	       22.1713	             0	
51.107	       11.6205	             0	
51.429	       11.6205	             0	
51.750	       10.8671	             0	
52.071	       10.8671	             0	
52.393	       17.8564	             0	
52.714	       17.8564	             0	
53.036	       17.8564	             0	
53.357	       12.8013	             0	
53.679	       12.8013	             0	
54.000	       8.92302	             0	
54.321	       8.92302	             0	
54.643	       10.0823	             0	
54.964	       10.0823	             0	
55.286	       10.8548	             0	
55.607	       10.8548	             0	
55.929	       3.87826	             0	
56.250	       3.87826	             0	
56.571	       3.87826	             0	
56.893	       7.75705	             0	
57.214	       7.75705	             0	
57.536	       6.78767	             0	
57.857	       6.78767	             0	
58.179	       4.84832	             0	
58.500	       4.84832	             0	
58.821	       5.81762	             0	
59.143	       5.81762	             0	
59.464	       10.6646	             0	
59.786	       10.6646	             0	
60.107	       10.6646	             0	
60.429	        23.263	             0	
60.750	        23.263	             0	
61.071	         6.783	             0	
61.393	         6.783	             0	
61.714	       4.84353	             0	
62.036	       4.84353	             0	
62.357	       2.90473	             0	
62.679	       2.90473	             0	
63.000	       3.87093	             0	
63.321	       3.87093	             0	
63.643	       13.5383	             0	
63.964	       13.5383	             0	
64.286	       13.5383	             0	
64.607	       7.72905	             0	
64.929	       7.72905	             0	
65.250	       1.92995	             0	
65.571	       1.92995	             0	
65.893	        4.8197	             0	
66.214	        4.8197	             0	
66.536	       4.81345	             0	
66.857	       4.81345	             0	
67.179	       2.88271	             0	
67.500	       2.88271	             0	
67.821	       2.88271	             0	
68.143	       5.75698	             0	
68.464	       5.75698	             0	
68.786	             0	             0	
69.107	             0	             0	
69.429	       2.86447	             0	
69.750	       2.86447	             0	
70.071	       3.80641	             0	
70.393	       3.80641	             0	
70.714	       1.08369	             0	
71.036	       1.08369	             0	
71.357	       1.08369	             0	
71.679	       6.50921	             0	
72.000	       6.50921	             0	
72.321	      0.942937	             0	
72.643	      0.942937	             0	
72.964	       1.14865	             0	
73.286	       1.14865	             0	
73.607	       2.79834	             0	
73.929	       2.79834	             0	
74.250	       2.77794	             0	
74.571	       2.77794	             0	
74.893	        19.265	             0	
75.214	        19.265	             0	
75.536	        19.265	             0	
75.857	       2.74048	             0	
76.179	       2.74048	             0	
76.500	             0	             0	
76.821	             0	             0	
77.143	       2.01855	             0	
77.464	       2.01855	             0	
77.786	       1.11076	             0	
78.107	       1.11076	             0	
78.429	      0.878589	             0	
78.750	      0.878589	             0	
79.071	      0.878589	             0	
79.393	       3.47325	             0	
79.714	       3.47325	             0	
80.036	       1.71471	             0	
80.357	       1.71471	             0	
80.679	       2.14348	             0	
81.000	       2.14348	             0	
81.321	      0.221097	             0	
81.643	      0.221097	             0	
81.964	       1.55116	             0	
82.286	       1.55116	             0	
82.607	       1.55116	             0	
82.929	             0	             0	
83.250	             0	             0	
83.571	             0	             0	
83.893	             0	             0	
84.214	             0	             0	
84.536	             0	             0	
84.857	             0	             0	
85.179	             0	             0	
85.500	       169.717	             0	
85.821	       169.717	             0	
86.143	             0	             0	
86.464	             0	             0	
86.786	             0	             0	
87.107	             0	             0	
87.429	             0	             0	
87.750	             0	             0	
88.071	             0	             0	
88.393	             0	             0	
88.714	             0	             0	
89.036	             0	             0	
89.357	             0	             0	
89.679	             0	             0	
90.000	             0	             0	
90.321	             0	             0	
90.643	             0	             0	
90.964	             0	             0	
91.286	             0	             0	
91.607	             0	             0	
91.929	             0	             0	
92.250	             0	             0	
92.571	             0	             0	
92.893	             0	             0	
93.214	             0	             0	
93.536	             0	             0	
93.857	             0	             0	
94.179	             0	             0	
94.500	             0	             0	
94.821	             0	             0	
95.143	             0	             0	
95.464	             0	             0	
95.786	             0	             0	
96.107	             0	             0	
96.429	             0	             0	
96.750	             0	             0	
97.071	             0	             0	
97.393	             0	             0	
97.714	             0	             0	
98.036	             0	             0	
98.357	             0	             0	
98.679	             0	             0	
99.000	             0	             0	
99.321	             0	             0	
99.643	             0	             0	
99.964	             0	             0	
100.286	             0	             0	
100.607	             0	             0	
100.929	             0	             0	
101.250	             0	             0	
101.571	             0	             0	
101.893	             0	             0	
102.214	             0	             0	
102.536	             0	             0	
102.857	             0	             0	
103.179	             0	             0	
103.500	             0	             0	
103.821	             0	             0	
104.143	             0	             0	
104.464	             0	             0	
104.786	             0	             0	
105.107	             0	             0	
105.429	             0	             0	
105.750	             0	             0	
106.071	             0	             0	
106.393	             0	             0	
106.714	             0	             0	
107.036	             0	             0	
107.357	             0	             0	
107.679	             0	             0	
108.000	             0	             0	
108.321	             0	             0	
108.643	             0	             0	
108.964	             0	             0	
109.286	             0	             0	
109.607	             0	             0	
109.929	             0	             0	
110.250	             0	             0	
110.571	             0	             0	
110.893	             0	             0	
111.214	             0	             0	
111.536	             0	             0	
111.857	             0	             0	
112.179	             0	             0	
112.500	             0	             0	
112.821	             0	             0	
113.143	             0	             0	
113.464	             0	             0	
113.786	             0	             0	
114.107	             0	             0	
114.429	             0	             0	
114.750	             0	             0	
115.071	             0	             0	
115.393	             0	             0	
115.714	             0	             0	
116.036	             0	             0	
116.357	             0	             0	
116.679	             0	             0	
117.000	             0	             0	
117.321	             0	             0	
117.643	             0	             0	
117.964	             0	             0	
118.286	             0	             0	
118.607	             0	             0	
118.929	             0	             0	
119.250	             0	             0	
119.571	             0	             0	
119.893	             0	             0	
120.214	             0	             0	
120.536	             0	             0	
120.857	             0	             0	
121.179	             0	             0	
121.500	             0	             0	
121.821	             0	             0	
122.143	             0	             0	
122.464	             0	             0	
122.786	             0	             0	
123.107	             0	             0	
123.429	             0	             0	
123.750	             0	             0	
124.071	             0	             0	
124.393	             0	             0	
124.714	             0	             0	
125.036	             0	             0	
125.357	             0	             0	
125.679	             0	             0	
126.000	             0	             0	
126.321	             0	             0	
126.643	             0	             0	
126.964	             0	             0	
127.286	             0	             0	
127.607	             0	             0	
127.929	             0	             0	
128.250	             0	             0	
128.571	             0	             0	
128.893	             0	             0	
129.214	             0	             0	
129.536	             0	             0	
129.857	             0	             0	
130.179	             0	             0	
130.500	             0	             0	
130.821	             0	             0	
131.143	             0	             0	
131.464	             0	             0	
131.786	             0	             0	
132.107	             0	             0	
132.429	             0	             0	
132.750	             0	             0	
133.071	             0	             0	
133.393	             0	             0	
133.714	             0	             0	
134.036	             0	             0	
134.357	             0	             0	
134.679	             0	             0	
135.000	             0	             0	
135.321	             0	             0	
135.643	             0	             0	
135.964	             0	             0	
136.286	             0	             0	
136.607	             0	             0	
136.929	             0	             0	
137.250	             0	             0	
137.571	             0	             0	
137.893	             0	             0	
138.214	             0	             0	
138.536	             0	             0	
138.857	             0	             0	
139.179	             0	             0	
139.500	             0	             0	
139.821	             0	             0	
140.143	             0	             0	
140.464	             0	             0	
140.786	             0	             0	
141.107	             0	             0	
141.429	             0	             0	
141.750	             0	             0	
142.071	             0	             0	
142.393	             0	             0	
142.714	             0	             0	
143.036	             0	             0	
143.357	             0	             0	
143.679	             0	             0	
144.000	             0	             0	
144.321	             0	             0	
144.643	             0	             0	
144.964	             0	             0	
145.286	             0	             0	
145.607	             0	             0	
145.929	             0	             0	
146.250	             0	             0	
146.571	             0	             0	
146.893	             0	             0	
147.214	             0	             0	
147.536	             0	             0	
147.857	             0	             0	
148.179	             0	             0	
148.500	             0	             0	
148.821	             0	             0	
149.143	             0	             0	
149.464	             0	             0	
149.786	             0	             0	
150.107	             0	             0	
150.429	             0	             0	
150.750	             0	             0	
151.071	             0	             0	
151.393	             0	             0	
151.714	             0	             0	
152.036	             0	             0	
152.357	             0	             0	
152.679	             0	             0	
153.000	             0	             0	
153.321	             0	             0	
153.643	             0	             0	
153.964	             0	             0	
154.286	             0	             0	
154.607	             0	             0	
154.929	             0	             0	
155.250	             0	             0	
155.571	             0	             0	
155.893	             0	             0	
156.214	             0	             0	
156.536	             0	             0	
156.857	             0	             0	
157.179	             0	             0	
157.500	             0	             0	
157.821	             0	             0	
158.143	             0	             0	
158.464	             0	             0	
158.786	             0	             0	
159.107	             0	             0	
159.429	             0	             0	
159.750	             0	             0	
160.071	             0	             0	
160.393	             0	             0	
160.714	             0	             0	
161.036	             0	             0	
161.357	             0	             0	
161.679	             0	             0	
162.000	             0	             0	
162.321	             0	             0	
162.643	             0	             0	
162.964	             0	             0	
163.286	             0	             0	
163.607	             0	             0	
163.929	             0	             0	
164.250	             0	             0	
164.571	             0	             0	
164.893	             0	             0	
165.214	             0	             0	
165.536	             0	             0	
165.857	             0	             0	
166.179	             0	             0	
166.500	             0	             0	
166.821	             0	             0	
167.143	             0	             0	
167.464	             0	             0	
167.786	             0	             0	
168.107	             0	             0	
168.429	             0	             0	
168.750	             0	             0	
169.071	             0	             0	
169.393	             0	             0	
169.714	             0	             0	
170.036	             0	             0	
170.357	             0	             0	
170.679	             0	             0	
171.000	             0	             0	
171.321	             0	             0	
171.643	             0	             0	
171.964	             0	             0	
172.286	             0	             0	
172.607	             0	             0	
172.929	             0	             0	
173.250	             0	             0	
173.571	             0	             0	
173.893	             0	             0	
174.214	             0	             0	
174.536	             0	             0	
174.857	             0	             0	
175.179	             0	             0	
175.500	             0	             0	
175.821	             0	             0	
176.143	             0	             0	
176.464	             0	             0	
176.786	             0	             0	
177.107	             0	             0	
177.429	             0	             0	
177.750	             0	             0	
178.071	             0	             0	
178.393	             0	             0	
178.714	             0	             0	
179.036	             0	             0	
179.357	             0	             0	
179.679	             0	             0	
180.000	             0	             0	
