
TracePro Release: 3 2 0 
Polar Candela Distribution Data for 
Data covers +/- 180.000 degrees from Normal
Data for Missed Rays
Data generated at 03:23:31 September 02, 2025

	   0.0	 180.0
0.000	             0	             0	
0.321	             0	             0	
0.643	             0	      0.769495	
0.964	             0	      0.769495	
1.286	             0	             0	
1.607	             0	             0	
1.929	      0.196852	             0	
2.250	      0.196852	             0	
2.571	      0.254132	             0	
2.893	      0.254132	             0	
3.214	       1.29888	       2.52839	
3.536	       1.29888	       2.52839	
3.857	       1.29888	       2.52839	
4.179	      0.386194	      0.854765	
4.500	      0.386194	      0.854765	
4.821	      0.891743	       0.27977	
5.143	      0.891743	       0.27977	
5.464	      0.484651	       1.90987	
5.786	      0.484651	       1.90987	
6.107	             0	             0	
6.429	             0	             0	
6.750	       2.19465	      0.910747	
7.071	       2.19465	      0.910747	
7.393	        2.3288	       2.28099	
7.714	        2.3288	       2.28099	
8.036	        2.3288	       2.28099	
8.357	             0	        1.1452	
8.679	             0	        1.1452	
9.000	             0	             0	
9.321	             0	             0	
9.643	       1.33758	       1.68022	
9.964	       1.33758	       1.68022	
10.286	             0	      0.329793	
10.607	             0	      0.329793	
10.929	      0.719172	      0.946404	
11.250	      0.719172	      0.946404	
11.571	      0.719172	      0.946404	
11.893	             0	       0.13001	
12.214	             0	       0.13001	
12.536	       2.99037	       5.48715	
12.857	       2.99037	       5.48715	
13.179	        3.0673	       2.08538	
13.500	        3.0673	       2.08538	
13.821	       1.56455	       2.13147	
14.143	       1.56455	       2.13147	
14.464	      0.791816	      0.962838	
14.786	      0.791816	      0.962838	
15.107	      0.791816	      0.962838	
15.429	      0.809645	       3.70939	
15.750	      0.809645	       3.70939	
16.071	             0	      0.900509	
16.393	             0	      0.900509	
16.714	       3.32052	       2.69358	
17.036	       3.32052	       2.69358	
17.357	      0.255541	      0.288729	
17.679	      0.255541	      0.288729	
18.000	       2.56524	       13.5592	
18.321	       2.56524	       13.5592	
18.643	             0	       1.00475	
18.964	             0	       1.00475	
19.286	             0	       1.00475	
19.607	       1.74894	       1.06477	
19.929	       1.74894	       1.06477	
20.250	       1.09335	       0.13134	
20.571	       1.09335	       0.13134	
20.893	       1.76278	       1.16625	
21.214	       1.76278	       1.16625	
21.536	       4.43259	       7.60258	
21.857	       4.43259	       7.60258	
22.179	       2.25364	      0.954162	
22.500	       2.25364	      0.954162	
22.821	       2.25364	      0.954162	
23.143	       2.79078	       1.91512	
23.464	       2.79078	       1.91512	
23.786	       1.80797	       2.88286	
24.107	       1.80797	       2.88286	
24.429	             0	       1.12783	
24.750	             0	       1.12783	
25.071	       1.80671	     0.0530656	
25.393	       1.80671	     0.0530656	
25.714	       2.86801	       4.82893	
26.036	       2.86801	       4.82893	
26.357	       2.86801	       4.82893	
26.679	        1.8316	       3.86791	
27.000	        1.8316	       3.86791	
27.321	      0.929383	       1.93578	
27.643	      0.929383	       1.93578	
27.964	       3.72965	       7.74789	
28.286	       3.72965	       7.74789	
28.607	       2.75491	       2.90756	
28.929	       2.75491	       2.90756	
29.250	             0	       9.69369	
29.571	             0	       9.69369	
29.893	       1.88015	      0.969838	
30.214	       1.88015	      0.969838	
30.536	       1.88015	      0.969838	
30.857	       2.82694	        9.7001	
31.179	       2.82694	        9.7001	
31.500	       1.85188	       795.884	
31.821	       1.85188	       795.884	
32.143	       5.43405	       6.11465	
32.464	       5.43405	       6.11465	
32.786	     0.0890762	        3.2994	
33.107	     0.0890762	        3.2994	
33.429	       1.79909	      0.304439	
33.750	       1.79909	      0.304439	
34.071	       1.79909	      0.304439	
34.393	       2.18364	             0	
34.714	       2.18364	             0	
35.036	       2.18026	             0	
35.357	       2.18026	             0	
35.679	      0.624978	             0	
36.000	      0.624978	             0	
36.321	       3.21271	      0.293262	
36.643	       3.21271	      0.293262	
36.964	       1.02646	      0.495422	
37.286	       1.02646	      0.495422	
37.607	       1.02646	      0.495422	
37.929	       3.65208	      0.106943	
38.250	       3.65208	      0.106943	
38.571	             0	      0.943892	
38.893	             0	      0.943892	
39.214	       3.84888	      0.499671	
39.536	       3.84888	      0.499671	
39.857	       1.92069	      0.219299	
40.179	       1.92069	      0.219299	
40.500	         2.641	             0	
40.821	         2.641	             0	
41.143	       1.93745	      0.302887	
41.464	       1.93745	      0.302887	
41.786	       1.93745	      0.302887	
42.107	      0.202777	      0.113993	
42.429	      0.202777	      0.113993	
42.750	       2.00061	      0.102704	
43.071	       2.00061	      0.102704	
43.393	       6.14037	             0	
43.714	       6.14037	             0	
44.036	      0.125592	             0	
44.357	      0.125592	             0	
44.679	       4.58167	             0	
45.000	       4.58167	             0	
45.321	       4.58167	             0	
45.643	             0	             0	
45.964	             0	             0	
46.286	             0	             0	
46.607	             0	             0	
46.929	      0.189653	             0	
47.250	      0.189653	             0	
47.571	       1.75823	             0	
47.893	       1.75823	             0	
48.214	             0	             0	
48.536	             0	             0	
48.857	             0	             0	
49.179	             0	             0	
49.500	             0	             0	
49.821	             0	             0	
50.143	             0	             0	
50.464	             0	             0	
50.786	             0	             0	
51.107	       1.20354	             0	
51.429	       1.20354	             0	
51.750	      0.309288	             0	
52.071	      0.309288	             0	
52.393	             0	             0	
52.714	             0	             0	
53.036	             0	             0	
53.357	             0	             0	
53.679	             0	             0	
54.000	             0	             0	
54.321	             0	             0	
54.643	             0	             0	
54.964	             0	             0	
55.286	             0	             0	
55.607	             0	             0	
55.929	             0	             0	
56.250	             0	             0	
56.571	             0	             0	
56.893	             0	             0	
57.214	             0	             0	
57.536	             0	             0	
57.857	             0	             0	
58.179	             0	             0	
58.500	             0	             0	
58.821	             0	             0	
59.143	             0	             0	
59.464	             0	             0	
59.786	             0	             0	
60.107	             0	             0	
60.429	             0	             0	
60.750	             0	             0	
61.071	             0	             0	
61.393	             0	             0	
61.714	             0	             0	
62.036	             0	             0	
62.357	             0	             0	
62.679	             0	             0	
63.000	             0	             0	
63.321	             0	             0	
63.643	             0	             0	
63.964	             0	             0	
64.286	             0	             0	
64.607	             0	             0	
64.929	             0	             0	
65.250	             0	             0	
65.571	             0	             0	
65.893	             0	             0	
66.214	             0	             0	
66.536	             0	             0	
66.857	             0	             0	
67.179	             0	             0	
67.500	             0	             0	
67.821	             0	             0	
68.143	             0	             0	
68.464	             0	             0	
68.786	             0	             0	
69.107	             0	             0	
69.429	             0	             0	
69.750	             0	             0	
70.071	             0	             0	
70.393	             0	             0	
70.714	             0	             0	
71.036	             0	             0	
71.357	             0	             0	
71.679	             0	             0	
72.000	             0	             0	
72.321	             0	             0	
72.643	             0	             0	
72.964	             0	             0	
73.286	             0	             0	
73.607	             0	             0	
73.929	             0	             0	
74.250	             0	             0	
74.571	             0	             0	
74.893	             0	             0	
75.214	             0	             0	
75.536	             0	             0	
75.857	             0	             0	
76.179	             0	             0	
76.500	             0	             0	
76.821	             0	             0	
77.143	             0	             0	
77.464	             0	             0	
77.786	             0	             0	
78.107	             0	             0	
78.429	             0	             0	
78.750	             0	             0	
79.071	             0	             0	
79.393	             0	             0	
79.714	             0	             0	
80.036	             0	             0	
80.357	             0	             0	
80.679	             0	             0	
81.000	             0	             0	
81.321	             0	             0	
81.643	             0	             0	
81.964	             0	             0	
82.286	             0	             0	
82.607	             0	             0	
82.929	             0	             0	
83.250	             0	             0	
83.571	             0	             0	
83.893	             0	             0	
84.214	             0	             0	
84.536	             0	             0	
84.857	             0	             0	
85.179	             0	             0	
85.500	             0	             0	
85.821	             0	             0	
86.143	             0	             0	
86.464	             0	             0	
86.786	             0	             0	
87.107	             0	             0	
87.429	             0	             0	
87.750	             0	             0	
88.071	             0	             0	
88.393	             0	             0	
88.714	             0	             0	
89.036	             0	             0	
89.357	             0	             0	
89.679	             0	             0	
90.000	             0	             0	
90.321	             0	             0	
90.643	             0	             0	
90.964	             0	             0	
91.286	             0	             0	
91.607	             0	             0	
91.929	             0	             0	
92.250	             0	             0	
92.571	             0	             0	
92.893	             0	             0	
93.214	             0	             0	
93.536	             0	             0	
93.857	             0	             0	
94.179	             0	             0	
94.500	             0	             0	
94.821	             0	             0	
95.143	             0	             0	
95.464	             0	             0	
95.786	             0	             0	
96.107	             0	             0	
96.429	             0	             0	
96.750	             0	             0	
97.071	             0	             0	
97.393	             0	             0	
97.714	             0	             0	
98.036	             0	             0	
98.357	             0	             0	
98.679	             0	             0	
99.000	             0	             0	
99.321	             0	             0	
99.643	             0	             0	
99.964	             0	             0	
100.286	             0	             0	
100.607	             0	             0	
100.929	             0	             0	
101.250	             0	             0	
101.571	             0	             0	
101.893	             0	             0	
102.214	             0	             0	
102.536	             0	             0	
102.857	             0	             0	
103.179	             0	             0	
103.500	             0	             0	
103.821	             0	             0	
104.143	             0	             0	
104.464	             0	             0	
104.786	             0	             0	
105.107	             0	             0	
105.429	             0	             0	
105.750	             0	             0	
106.071	             0	             0	
106.393	             0	             0	
106.714	             0	             0	
107.036	             0	             0	
107.357	             0	             0	
107.679	             0	             0	
108.000	             0	             0	
108.321	             0	             0	
108.643	             0	             0	
108.964	             0	             0	
109.286	             0	             0	
109.607	             0	             0	
109.929	             0	             0	
110.250	             0	             0	
110.571	             0	             0	
110.893	             0	             0	
111.214	             0	             0	
111.536	             0	             0	
111.857	             0	             0	
112.179	             0	             0	
112.500	             0	             0	
112.821	             0	             0	
113.143	             0	             0	
113.464	             0	             0	
113.786	             0	             0	
114.107	             0	             0	
114.429	             0	             0	
114.750	             0	             0	
115.071	             0	             0	
115.393	             0	             0	
115.714	             0	             0	
116.036	             0	             0	
116.357	             0	             0	
116.679	             0	             0	
117.000	             0	             0	
117.321	             0	             0	
117.643	             0	             0	
117.964	             0	             0	
118.286	             0	             0	
118.607	             0	             0	
118.929	             0	             0	
119.250	             0	             0	
119.571	             0	             0	
119.893	             0	             0	
120.214	             0	             0	
120.536	             0	             0	
120.857	             0	             0	
121.179	             0	             0	
121.500	             0	             0	
121.821	             0	             0	
122.143	             0	             0	
122.464	             0	             0	
122.786	             0	             0	
123.107	             0	             0	
123.429	             0	             0	
123.750	             0	             0	
124.071	             0	             0	
124.393	             0	             0	
124.714	             0	             0	
125.036	             0	             0	
125.357	             0	             0	
125.679	             0	             0	
126.000	             0	             0	
126.321	             0	             0	
126.643	             0	             0	
126.964	             0	             0	
127.286	             0	             0	
127.607	             0	             0	
127.929	             0	             0	
128.250	             0	             0	
128.571	             0	             0	
128.893	             0	             0	
129.214	             0	             0	
129.536	             0	             0	
129.857	             0	             0	
130.179	             0	             0	
130.500	             0	             0	
130.821	             0	             0	
131.143	             0	             0	
131.464	             0	             0	
131.786	             0	             0	
132.107	             0	             0	
132.429	             0	             0	
132.750	             0	             0	
133.071	             0	             0	
133.393	             0	             0	
133.714	             0	             0	
134.036	             0	             0	
134.357	             0	             0	
134.679	             0	             0	
135.000	             0	             0	
135.321	             0	             0	
135.643	             0	             0	
135.964	             0	             0	
136.286	             0	             0	
136.607	             0	             0	
136.929	             0	             0	
137.250	             0	             0	
137.571	             0	             0	
137.893	             0	             0	
138.214	             0	             0	
138.536	             0	             0	
138.857	             0	             0	
139.179	             0	             0	
139.500	             0	             0	
139.821	             0	             0	
140.143	             0	             0	
140.464	             0	             0	
140.786	             0	             0	
141.107	             0	             0	
141.429	             0	             0	
141.750	             0	             0	
142.071	             0	             0	
142.393	             0	             0	
142.714	             0	             0	
143.036	             0	             0	
143.357	             0	             0	
143.679	             0	             0	
144.000	             0	             0	
144.321	             0	             0	
144.643	             0	             0	
144.964	             0	             0	
145.286	             0	             0	
145.607	             0	             0	
145.929	             0	             0	
146.250	             0	             0	
146.571	             0	             0	
146.893	             0	             0	
147.214	             0	             0	
147.536	             0	             0	
147.857	             0	             0	
148.179	             0	             0	
148.500	             0	             0	
148.821	             0	             0	
149.143	             0	             0	
149.464	             0	             0	
149.786	             0	             0	
150.107	             0	             0	
150.429	             0	             0	
150.750	             0	             0	
151.071	             0	             0	
151.393	             0	             0	
151.714	             0	             0	
152.036	             0	             0	
152.357	             0	             0	
152.679	             0	             0	
153.000	             0	             0	
153.321	             0	             0	
153.643	             0	             0	
153.964	             0	             0	
154.286	             0	             0	
154.607	             0	             0	
154.929	             0	             0	
155.250	             0	             0	
155.571	             0	             0	
155.893	             0	             0	
156.214	             0	             0	
156.536	             0	             0	
156.857	             0	             0	
157.179	             0	             0	
157.500	             0	             0	
157.821	             0	             0	
158.143	             0	             0	
158.464	             0	             0	
158.786	             0	             0	
159.107	             0	             0	
159.429	             0	             0	
159.750	             0	             0	
160.071	             0	             0	
160.393	             0	             0	
160.714	             0	             0	
161.036	             0	             0	
161.357	             0	             0	
161.679	             0	             0	
162.000	             0	             0	
162.321	             0	             0	
162.643	             0	             0	
162.964	             0	             0	
163.286	             0	             0	
163.607	             0	             0	
163.929	             0	             0	
164.250	             0	             0	
164.571	             0	             0	
164.893	             0	             0	
165.214	             0	             0	
165.536	             0	             0	
165.857	             0	             0	
166.179	             0	             0	
166.500	             0	             0	
166.821	             0	             0	
167.143	             0	             0	
167.464	             0	             0	
167.786	             0	             0	
168.107	             0	             0	
168.429	             0	             0	
168.750	             0	             0	
169.071	             0	             0	
169.393	             0	             0	
169.714	             0	             0	
170.036	             0	             0	
170.357	             0	             0	
170.679	             0	             0	
171.000	             0	             0	
171.321	             0	             0	
171.643	             0	             0	
171.964	             0	             0	
172.286	             0	             0	
172.607	             0	             0	
172.929	             0	             0	
173.250	             0	             0	
173.571	             0	             0	
173.893	             0	             0	
174.214	             0	             0	
174.536	             0	             0	
174.857	             0	             0	
175.179	             0	             0	
175.500	             0	             0	
175.821	             0	             0	
176.143	             0	             0	
176.464	             0	             0	
176.786	             0	             0	
177.107	             0	             0	
177.429	             0	             0	
177.750	             0	             0	
178.071	             0	             0	
178.393	             0	             0	
178.714	             0	             0	
179.036	             0	             0	
179.357	             0	             0	
179.679	             0	             0	
180.000	             0	             0	
