
TracePro Release: 3 2 0 
Polar Candela Distribution Data for 
Data covers +/- 180.000 degrees from Normal
Data for Missed Rays
Data generated at 03:22:08 September 02, 2025

	   0.0	 180.0
0.000	       0.73106	       0.73106	
0.321	       0.73106	       0.73106	
0.643	             0	             0	
0.964	             0	             0	
1.286	      0.143615	             0	
1.607	      0.143615	             0	
1.929	             0	             0	
2.250	             0	             0	
2.571	       41.4679	             0	
2.893	       41.4679	             0	
3.214	      0.678428	      0.153467	
3.536	      0.678428	      0.153467	
3.857	      0.678428	      0.153467	
4.179	      0.400037	             0	
4.500	      0.400037	             0	
4.821	       1.74785	             0	
5.143	       1.74785	             0	
5.464	      0.487044	             0	
5.786	      0.487044	             0	
6.107	       2.04388	             0	
6.429	       2.04388	             0	
6.750	       0.54351	     0.0575969	
7.071	       0.54351	     0.0575969	
7.393	        3.4738	       0.13437	
7.714	        3.4738	       0.13437	
8.036	        3.4738	       0.13437	
8.357	      0.609603	      0.186474	
8.679	      0.609603	      0.186474	
9.000	       4.22108	      0.230152	
9.321	       4.22108	      0.230152	
9.643	       186.031	      0.111087	
9.964	       186.031	      0.111087	
10.286	       1.38691	      0.104342	
10.607	       1.38691	      0.104342	
10.929	             0	             0	
11.250	             0	             0	
11.571	             0	             0	
11.893	             0	       1.94699	
12.214	             0	       1.94699	
12.536	      0.744196	       5.43228	
12.857	      0.744196	       5.43228	
13.179	       6.12281	             0	
13.500	       6.12281	             0	
13.821	       2.33934	             0	
14.143	       2.33934	             0	
14.464	       1.60275	      0.258301	
14.786	       1.60275	      0.258301	
15.107	       1.60275	      0.258301	
15.429	       4.04871	             0	
15.750	       4.04871	             0	
16.071	             0	             0	
16.393	             0	             0	
16.714	       6.65686	             0	
17.036	       6.65686	             0	
17.357	             0	      0.356736	
17.679	             0	      0.356736	
18.000	        1.7031	     0.0731621	
18.321	        1.7031	     0.0731621	
18.643	         1.714	     0.0710775	
18.964	         1.714	     0.0710775	
19.286	         1.714	     0.0710775	
19.607	        1.7367	             0	
19.929	        1.7367	             0	
20.250	       2.61512	             0	
20.571	       2.61512	             0	
20.893	       2.63399	     0.0639748	
21.214	       2.63399	     0.0639748	
21.536	      0.884277	       424.749	
21.857	      0.884277	       424.749	
22.179	       1.77696	       8.72642	
22.500	       1.77696	       8.72642	
22.821	       1.77696	       8.72642	
23.143	      0.895241	       15.7511	
23.464	      0.895241	       15.7511	
23.786	      0.896401	       7.75883	
24.107	      0.896401	       7.75883	
24.429	       1.80085	        4.8497	
24.750	       1.80085	        4.8497	
25.071	       1.80425	     0.0538007	
25.393	       1.80425	     0.0538007	
25.714	             0	      0.052521	
26.036	             0	      0.052521	
26.357	             0	      0.052521	
26.679	      0.907649	             0	
27.000	      0.907649	             0	
27.321	       2.72661	       1.13435	
27.643	       2.72661	       1.13435	
27.964	       3.63922	             0	
28.286	       3.63922	             0	
28.607	             0	             0	
28.929	             0	             0	
29.250	       0.91009	             0	
29.571	       0.91009	             0	
29.893	       3.63859	       8.73033	
30.214	       3.63859	       8.73033	
30.536	       3.63859	       8.73033	
30.857	       3.63576	       17.4662	
31.179	       3.63576	       17.4662	
31.500	       1.81341	       6.21713	
31.821	       1.81341	       6.21713	
32.143	             0	       4.13668	
32.464	             0	       4.13668	
32.786	       1.80751	       3.05017	
33.107	       1.80751	       3.05017	
33.429	       3.60421	      0.284103	
33.750	       3.60421	      0.284103	
34.071	       3.60421	      0.284103	
34.393	       0.89584	       3.35259	
34.714	       0.89584	       3.35259	
35.036	      0.894344	       1.18953	
35.357	      0.894344	       1.18953	
35.679	             0	       2.00829	
36.000	             0	       2.00829	
36.321	       2.65327	      0.125282	
36.643	       2.65327	      0.125282	
36.964	      0.875444	             0	
37.286	      0.875444	             0	
37.607	      0.875444	             0	
37.929	       5.58486	             0	
38.250	       5.58486	             0	
38.571	       1.67534	             0	
38.893	       1.67534	             0	
39.214	       1.71967	             0	
39.536	       1.71967	             0	
39.857	             0	             0	
40.179	             0	             0	
40.500	             0	             0	
40.821	             0	             0	
41.143	       2.27232	     0.0547923	
41.464	       2.27232	     0.0547923	
41.786	       2.27232	     0.0547923	
42.107	       165.647	      0.309293	
42.429	       165.647	      0.309293	
42.750	      0.264667	             0	
43.071	      0.264667	             0	
43.393	       1.58513	             0	
43.714	       1.58513	             0	
44.036	             0	             0	
44.357	             0	             0	
44.679	       1.52685	             0	
45.000	       1.52685	             0	
45.321	       1.52685	             0	
45.643	      0.642597	             0	
45.964	      0.642597	             0	
46.286	       1.14791	             0	
46.607	       1.14791	             0	
46.929	      0.905184	             0	
47.250	      0.905184	             0	
47.571	       4.35884	             0	
47.893	       4.35884	             0	
48.214	       9.27333	             0	
48.536	       9.27333	             0	
48.857	       9.27333	             0	
49.179	       17.4577	             0	
49.500	       17.4577	             0	
49.821	       7.88622	             0	
50.143	       7.88622	             0	
50.464	       9.96065	             0	
50.786	       9.96065	             0	
51.107	       9.65654	      0.573039	
51.429	       9.65654	      0.573039	
51.750	       7.02583	             0	
52.071	       7.02583	             0	
52.393	             0	       0.68345	
52.714	             0	       0.68345	
53.036	             0	       0.68345	
53.357	             0	      0.160003	
53.679	             0	      0.160003	
54.000	             0	             0	
54.321	             0	             0	
54.643	             0	             0	
54.964	             0	             0	
55.286	             0	             0	
55.607	             0	             0	
55.929	      0.367287	             0	
56.250	      0.367287	             0	
56.571	      0.367287	             0	
56.893	       1.57481	      0.137731	
57.214	       1.57481	      0.137731	
57.536	       2.34934	             0	
57.857	       2.34934	             0	
58.179	             0	      0.128208	
58.500	             0	      0.128208	
58.821	       1.21879	             0	
59.143	       1.21879	             0	
59.464	       2.19175	             0	
59.786	       2.19175	             0	
60.107	       2.19175	             0	
60.429	       3.14799	      0.224208	
60.750	       3.14799	      0.224208	
61.071	       2.42426	      0.109963	
61.393	       2.42426	      0.109963	
61.714	       4.02066	      0.212099	
62.036	       4.02066	      0.212099	
62.357	       1.73879	             0	
62.679	       1.73879	             0	
63.000	       3.30033	             0	
63.321	       3.30033	             0	
63.643	       4.88267	      0.285343	
63.964	       4.88267	      0.285343	
64.286	       4.88267	      0.285343	
64.607	       1.54042	     0.0915546	
64.929	       1.54042	     0.0915546	
65.250	       0.89718	             0	
65.571	       0.89718	             0	
65.893	      0.255698	     0.0853477	
66.214	      0.255698	     0.0853477	
66.536	       1.04761	      0.335033	
66.857	       1.04761	      0.335033	
67.179	      0.442905	     0.0802155	
67.500	      0.442905	     0.0802155	
67.821	      0.442905	     0.0802155	
68.143	      0.247961	             0	
68.464	      0.247961	             0	
68.786	      0.802749	             0	
69.107	      0.802749	             0	
69.429	      0.142347	      0.144673	
69.750	      0.142347	      0.144673	
70.071	      0.329258	     0.0713828	
70.393	      0.329258	     0.0713828	
70.714	             0	      0.169491	
71.036	             0	      0.169491	
71.357	             0	      0.169491	
71.679	             0	             0	
72.000	             0	             0	
72.321	             0	             0	
72.643	             0	             0	
72.964	        36.979	             0	
73.286	        36.979	             0	
73.607	             0	     0.0604795	
73.929	             0	     0.0604795	
74.250	             0	             0	
74.571	             0	             0	
74.893	             0	             0	
75.214	             0	             0	
75.536	             0	             0	
75.857	             0	             0	
76.179	             0	             0	
76.500	             0	             0	
76.821	             0	             0	
77.143	             0	     0.0509117	
77.464	             0	     0.0509117	
77.786	             0	             0	
78.107	             0	             0	
78.429	             0	             0	
78.750	             0	             0	
79.071	             0	             0	
79.393	             0	             0	
79.714	             0	             0	
80.036	             0	             0	
80.357	             0	             0	
80.679	             0	             0	
81.000	             0	             0	
81.321	             0	             0	
81.643	             0	             0	
81.964	             0	             0	
82.286	             0	             0	
82.607	             0	             0	
82.929	             0	             0	
83.250	             0	             0	
83.571	             0	             0	
83.893	             0	             0	
84.214	             0	             0	
84.536	             0	             0	
84.857	             0	             0	
85.179	             0	             0	
85.500	             0	             0	
85.821	             0	             0	
86.143	             0	             0	
86.464	             0	             0	
86.786	             0	             0	
87.107	             0	             0	
87.429	             0	             0	
87.750	             0	             0	
88.071	             0	             0	
88.393	             0	             0	
88.714	             0	             0	
89.036	             0	             0	
89.357	             0	             0	
89.679	             0	             0	
90.000	             0	             0	
90.321	             0	             0	
90.643	             0	             0	
90.964	             0	             0	
91.286	             0	             0	
91.607	             0	             0	
91.929	             0	             0	
92.250	             0	             0	
92.571	             0	             0	
92.893	             0	             0	
93.214	             0	             0	
93.536	             0	             0	
93.857	             0	             0	
94.179	             0	             0	
94.500	             0	             0	
94.821	             0	             0	
95.143	             0	             0	
95.464	             0	             0	
95.786	             0	             0	
96.107	             0	             0	
96.429	             0	             0	
96.750	             0	             0	
97.071	             0	             0	
97.393	             0	             0	
97.714	             0	             0	
98.036	             0	             0	
98.357	             0	             0	
98.679	             0	             0	
99.000	             0	             0	
99.321	             0	             0	
99.643	             0	             0	
99.964	             0	             0	
100.286	             0	             0	
100.607	             0	             0	
100.929	             0	             0	
101.250	             0	             0	
101.571	             0	             0	
101.893	             0	             0	
102.214	             0	             0	
102.536	             0	             0	
102.857	             0	             0	
103.179	             0	             0	
103.500	             0	             0	
103.821	             0	             0	
104.143	             0	             0	
104.464	             0	             0	
104.786	             0	             0	
105.107	             0	             0	
105.429	             0	             0	
105.750	             0	             0	
106.071	     0.0626176	             0	
106.393	     0.0626176	             0	
106.714	             0	             0	
107.036	             0	             0	
107.357	             0	             0	
107.679	             0	             0	
108.000	             0	             0	
108.321	             0	             0	
108.643	             0	             0	
108.964	             0	             0	
109.286	             0	             0	
109.607	             0	             0	
109.929	             0	             0	
110.250	             0	             0	
110.571	             0	             0	
110.893	             0	             0	
111.214	             0	             0	
111.536	             0	             0	
111.857	             0	             0	
112.179	             0	             0	
112.500	             0	             0	
112.821	             0	             0	
113.143	             0	             0	
113.464	             0	             0	
113.786	             0	             0	
114.107	             0	             0	
114.429	             0	             0	
114.750	             0	             0	
115.071	             0	             0	
115.393	             0	             0	
115.714	             0	             0	
116.036	             0	             0	
116.357	             0	             0	
116.679	             0	             0	
117.000	             0	             0	
117.321	             0	             0	
117.643	             0	             0	
117.964	             0	             0	
118.286	             0	             0	
118.607	             0	             0	
118.929	             0	             0	
119.250	             0	             0	
119.571	             0	             0	
119.893	             0	             0	
120.214	             0	             0	
120.536	             0	             0	
120.857	             0	             0	
121.179	             0	             0	
121.500	             0	             0	
121.821	             0	             0	
122.143	             0	             0	
122.464	             0	             0	
122.786	             0	             0	
123.107	             0	             0	
123.429	             0	             0	
123.750	             0	             0	
124.071	             0	             0	
124.393	             0	             0	
124.714	             0	             0	
125.036	             0	             0	
125.357	             0	             0	
125.679	             0	             0	
126.000	             0	             0	
126.321	             0	             0	
126.643	             0	             0	
126.964	             0	             0	
127.286	             0	             0	
127.607	             0	             0	
127.929	             0	             0	
128.250	             0	             0	
128.571	             0	             0	
128.893	             0	             0	
129.214	             0	             0	
129.536	             0	             0	
129.857	       50.8334	             0	
130.179	       50.8334	             0	
130.500	             0	             0	
130.821	             0	             0	
131.143	             0	             0	
131.464	             0	             0	
131.786	             0	             0	
132.107	             0	             0	
132.429	             0	             0	
132.750	             0	             0	
133.071	             0	             0	
133.393	             0	             0	
133.714	             0	             0	
134.036	             0	             0	
134.357	             0	             0	
134.679	             0	             0	
135.000	             0	             0	
135.321	             0	             0	
135.643	             0	             0	
135.964	             0	             0	
136.286	             0	             0	
136.607	             0	             0	
136.929	             0	             0	
137.250	             0	             0	
137.571	             0	             0	
137.893	             0	             0	
138.214	             0	             0	
138.536	             0	             0	
138.857	             0	             0	
139.179	             0	             0	
139.500	             0	             0	
139.821	             0	             0	
140.143	             0	             0	
140.464	             0	             0	
140.786	             0	             0	
141.107	             0	             0	
141.429	             0	             0	
141.750	             0	             0	
142.071	             0	             0	
142.393	             0	             0	
142.714	             0	             0	
143.036	             0	             0	
143.357	             0	             0	
143.679	             0	             0	
144.000	             0	             0	
144.321	             0	             0	
144.643	             0	             0	
144.964	             0	             0	
145.286	             0	             0	
145.607	             0	             0	
145.929	             0	             0	
146.250	             0	             0	
146.571	             0	             0	
146.893	             0	             0	
147.214	             0	             0	
147.536	             0	             0	
147.857	             0	             0	
148.179	             0	             0	
148.500	             0	             0	
148.821	             0	             0	
149.143	             0	             0	
149.464	             0	             0	
149.786	             0	             0	
150.107	             0	             0	
150.429	             0	             0	
150.750	             0	             0	
151.071	             0	             0	
151.393	             0	             0	
151.714	             0	             0	
152.036	             0	             0	
152.357	             0	             0	
152.679	             0	             0	
153.000	             0	             0	
153.321	             0	             0	
153.643	             0	             0	
153.964	             0	             0	
154.286	             0	             0	
154.607	             0	             0	
154.929	             0	             0	
155.250	             0	             0	
155.571	             0	             0	
155.893	             0	             0	
156.214	             0	             0	
156.536	             0	             0	
156.857	             0	             0	
157.179	             0	             0	
157.500	             0	             0	
157.821	             0	             0	
158.143	             0	             0	
158.464	             0	             0	
158.786	             0	             0	
159.107	             0	             0	
159.429	             0	             0	
159.750	             0	             0	
160.071	             0	             0	
160.393	             0	             0	
160.714	             0	             0	
161.036	             0	             0	
161.357	             0	             0	
161.679	             0	             0	
162.000	             0	             0	
162.321	             0	             0	
162.643	             0	             0	
162.964	             0	             0	
163.286	             0	             0	
163.607	             0	             0	
163.929	             0	             0	
164.250	             0	             0	
164.571	             0	             0	
164.893	             0	             0	
165.214	             0	             0	
165.536	             0	             0	
165.857	             0	             0	
166.179	             0	             0	
166.500	             0	             0	
166.821	             0	             0	
167.143	             0	             0	
167.464	             0	             0	
167.786	             0	             0	
168.107	             0	             0	
168.429	             0	             0	
168.750	             0	             0	
169.071	             0	             0	
169.393	             0	             0	
169.714	             0	             0	
170.036	             0	             0	
170.357	             0	             0	
170.679	             0	             0	
171.000	             0	             0	
171.321	             0	             0	
171.643	             0	             0	
171.964	             0	             0	
172.286	             0	             0	
172.607	             0	             0	
172.929	             0	             0	
173.250	             0	             0	
173.571	             0	             0	
173.893	             0	             0	
174.214	             0	             0	
174.536	             0	             0	
174.857	             0	             0	
175.179	             0	             0	
175.500	             0	             0	
175.821	             0	             0	
176.143	             0	             0	
176.464	             0	             0	
176.786	             0	             0	
177.107	             0	             0	
177.429	             0	             0	
177.750	             0	             0	
178.071	             0	             0	
178.393	             0	             0	
178.714	             0	             0	
179.036	             0	             0	
179.357	             0	             0	
179.679	             0	             0	
180.000	             0	             0	
