
TracePro Release: 3 2 0 
Polar Candela Distribution Data for 
Data covers +/- 180.000 degrees from Normal
Data for Missed Rays
Data generated at 15:11:28 September 06, 2025

	   0.0	 180.0
0.000	             0	             0	
0.321	             0	             0	
0.643	             0	             0	
0.964	             0	             0	
1.286	             0	             0	
1.607	             0	             0	
1.929	             0	             0	
2.250	             0	             0	
2.571	             0	             0	
2.893	             0	             0	
3.214	      0.613253	             0	
3.536	      0.613253	             0	
3.857	      0.613253	             0	
4.179	      0.349301	      0.433507	
4.500	      0.349301	      0.433507	
4.821	      0.766063	      0.843142	
5.143	      0.766063	      0.843142	
5.464	       1.23358	       0.39713	
5.786	       1.23358	       0.39713	
6.107	       0.91366	      0.761457	
6.429	       0.91366	      0.761457	
6.750	      0.480748	             0	
7.071	      0.480748	             0	
7.393	      0.991457	             0	
7.714	      0.991457	             0	
8.036	      0.991457	             0	
8.357	       1.05725	             0	
8.679	       1.05725	             0	
9.000	       4.35904	             0	
9.321	       4.35904	             0	
9.643	        2.2639	             0	
9.964	        2.2639	             0	
10.286	        1.1735	             0	
10.607	        1.1735	             0	
10.929	      0.608829	      0.294829	
11.250	      0.608829	      0.294829	
11.571	      0.608829	      0.294829	
11.893	       4.94177	      0.279065	
12.214	       4.94177	      0.279065	
12.536	      0.630748	      0.549313	
12.857	      0.630748	      0.549313	
13.179	       1.27827	             0	
13.500	       1.27827	             0	
13.821	      0.651003	             0	
14.143	      0.651003	             0	
14.464	      0.657919	             0	
14.786	      0.657919	             0	
15.107	      0.657919	             0	
15.429	        1.3352	             0	
15.750	        1.3352	             0	
16.071	       2.01843	             0	
16.393	       2.01843	             0	
16.714	             0	             0	
17.036	             0	             0	
17.357	       1.36127	      0.209827	
17.679	       1.36127	      0.209827	
18.000	       1.36371	             0	
18.321	       1.36371	             0	
18.643	             0	             0	
18.964	             0	             0	
19.286	             0	             0	
19.607	       1.36503	      0.186801	
19.929	       1.36503	      0.186801	
20.250	      0.682076	      0.355298	
20.571	      0.682076	      0.355298	
20.893	       3.39367	             0	
21.214	       3.39367	             0	
21.536	       1.35095	      0.329238	
21.857	       1.35095	      0.329238	
22.179	        2.6803	      0.159403	
22.500	        2.6803	      0.159403	
22.821	        2.6803	      0.159403	
23.143	       1.33017	             0	
23.464	       1.33017	             0	
23.786	       1.32103	             0	
24.107	       1.32103	             0	
24.429	       2.59777	             0	
24.750	       2.59777	             0	
25.071	             0	             0	
25.393	             0	             0	
25.714	       1.90049	      0.132645	
26.036	       1.90049	      0.132645	
26.357	       1.90049	      0.132645	
26.679	      0.615983	      0.368505	
27.000	      0.615983	      0.368505	
27.321	       2.43252	             0	
27.643	       2.43252	             0	
27.964	       1.16827	             0	
28.286	       1.16827	             0	
28.607	      0.578511	             0	
28.929	      0.578511	             0	
29.250	       1.11341	      0.225117	
29.571	       1.11341	      0.225117	
29.893	       3.24564	      0.218266	
30.214	       3.24564	      0.218266	
30.536	       3.24564	      0.218266	
30.857	             0	      0.211171	
31.179	             0	      0.211171	
31.500	      0.523297	             0	
31.821	      0.523297	             0	
32.143	             0	             0	
32.464	             0	             0	
32.786	             0	             0	
33.107	             0	             0	
33.429	             0	             0	
33.750	             0	             0	
34.071	             0	             0	
34.393	             0	             0	
34.714	             0	             0	
35.036	             0	     0.0844699	
35.357	             0	     0.0844699	
35.679	             0	        1.1734	
36.000	             0	        1.1734	
36.321	             0	             0	
36.643	             0	             0	
36.964	      0.471098	      0.464773	
37.286	      0.471098	      0.464773	
37.607	      0.471098	      0.464773	
37.929	             0	       689.261	
38.250	             0	       689.261	
38.571	        0.4571	       6.84128	
38.893	        0.4571	       6.84128	
39.214	             0	       3.10892	
39.536	             0	       3.10892	
39.857	             0	       1.24436	
40.179	             0	       1.24436	
40.500	             0	      0.498792	
40.821	             0	      0.498792	
41.143	             0	      0.784463	
41.464	             0	      0.784463	
41.786	             0	      0.784463	
42.107	      0.830675	      0.758785	
42.429	      0.830675	      0.758785	
42.750	             0	      0.217731	
43.071	             0	      0.217731	
43.393	             0	       0.44759	
43.714	             0	       0.44759	
44.036	      0.381945	      0.555395	
44.357	      0.381945	      0.555395	
44.679	             0	      0.581564	
45.000	             0	      0.581564	
45.321	             0	      0.581564	
45.643	      0.368646	             0	
45.964	      0.368646	             0	
46.286	             0	       0.10273	
46.607	             0	       0.10273	
46.929	             0	     0.0501564	
47.250	             0	     0.0501564	
47.571	             0	             0	
47.893	             0	             0	
48.214	             0	             0	
48.536	             0	             0	
48.857	             0	             0	
49.179	             0	             0	
49.500	             0	             0	
49.821	             0	             0	
50.143	             0	             0	
50.464	             0	             0	
50.786	             0	             0	
51.107	             0	             0	
51.429	             0	             0	
51.750	             0	             0	
52.071	             0	             0	
52.393	             0	             0	
52.714	             0	             0	
53.036	             0	             0	
53.357	             0	             0	
53.679	             0	             0	
54.000	             0	             0	
54.321	             0	             0	
54.643	             0	             0	
54.964	             0	             0	
55.286	             0	             0	
55.607	             0	             0	
55.929	             0	             0	
56.250	             0	             0	
56.571	             0	             0	
56.893	      0.404243	             0	
57.214	      0.404243	             0	
57.536	             0	             0	
57.857	             0	             0	
58.179	             0	             0	
58.500	             0	             0	
58.821	             0	             0	
59.143	             0	             0	
59.464	             0	             0	
59.786	             0	             0	
60.107	             0	             0	
60.429	             0	             0	
60.750	             0	             0	
61.071	             0	             0	
61.393	             0	             0	
61.714	             0	             0	
62.036	             0	             0	
62.357	             0	             0	
62.679	             0	             0	
63.000	             0	             0	
63.321	             0	             0	
63.643	             0	             0	
63.964	             0	             0	
64.286	             0	             0	
64.607	       0.35502	             0	
64.929	       0.35502	             0	
65.250	             0	             0	
65.571	             0	             0	
65.893	             0	             0	
66.214	             0	             0	
66.536	             0	             0	
66.857	             0	             0	
67.179	             0	             0	
67.500	             0	             0	
67.821	             0	             0	
68.143	       2.24476	             0	
68.464	       2.24476	             0	
68.786	      0.591222	             0	
69.107	      0.591222	             0	
69.429	      0.607421	             0	
69.750	      0.607421	             0	
70.071	             0	             0	
70.393	             0	             0	
70.714	             0	             0	
71.036	             0	             0	
71.357	             0	             0	
71.679	       1.38452	             0	
72.000	       1.38452	             0	
72.321	       1.42002	             0	
72.643	       1.42002	             0	
72.964	             0	             0	
73.286	             0	             0	
73.607	             0	             0	
73.929	             0	             0	
74.250	      0.776217	             0	
74.571	      0.776217	             0	
74.893	       1.59792	             0	
75.214	       1.59792	             0	
75.536	       1.59792	             0	
75.857	      0.807997	             0	
76.179	      0.807997	             0	
76.500	       1.64688	             0	
76.821	       1.64688	             0	
77.143	             0	             0	
77.464	             0	             0	
77.786	      0.852443	             0	
78.107	      0.852443	             0	
78.429	      0.856649	             0	
78.750	      0.856649	             0	
79.071	      0.856649	             0	
79.393	       5.24721	             0	
79.714	       5.24721	             0	
80.036	      0.879166	             0	
80.357	      0.879166	             0	
80.679	             0	             0	
81.000	             0	             0	
81.321	      0.900017	             0	
81.643	      0.900017	             0	
81.964	       3.63042	             0	
82.286	       3.63042	             0	
82.607	       3.63042	             0	
82.929	       1.82663	             0	
83.250	       1.82663	             0	
83.571	       3.68908	             0	
83.893	       3.68908	             0	
84.214	       3.71039	             0	
84.536	       3.71039	             0	
84.857	       5.60117	             0	
85.179	       5.60117	             0	
85.500	       0.93976	             0	
85.821	       0.93976	             0	
86.143	       7.53442	             0	
86.464	       7.53442	             0	
86.786	       7.53442	             0	
87.107	       3.78603	             0	
87.429	       3.78603	             0	
87.750	       6.64594	             0	
88.071	       6.64594	             0	
88.393	       2.85558	             0	
88.714	       2.85558	             0	
89.036	       5.73079	             0	
89.357	       5.73079	             0	
89.679	       3.82978	             0	
90.000	       3.82978	             0	
90.321	       3.82978	             0	
90.643	       15.3545	             0	
90.964	       15.3545	             0	
91.286	       7.69408	             0	
91.607	       7.69408	             0	
91.929	       3.85238	             0	
92.250	       3.85238	             0	
92.571	       6.75282	             0	
92.893	       6.75282	             0	
93.214	       6.76096	             0	
93.536	       6.76096	             0	
93.857	       6.76096	             0	
94.179	       3.86709	             0	
94.500	       3.86709	             0	
94.821	       4.97104	             0	
95.143	       4.97104	             0	
95.464	       4.41245	             0	
95.786	       4.41245	             0	
96.107	       3.03218	             0	
96.429	       3.03218	             0	
96.750	       2.65767	             0	
97.071	       2.65767	             0	
97.393	       1.23623	             0	
97.714	       1.23623	             0	
98.036	       1.23623	             0	
98.357	        2.9901	             0	
98.679	        2.9901	             0	
99.000	       2.07123	             0	
99.321	       2.07123	             0	
99.643	       94.1389	             0	
99.964	       94.1389	             0	
100.286	             0	             0	
100.607	             0	             0	
100.929	             0	             0	
101.250	             0	             0	
101.571	             0	             0	
101.893	             0	             0	
102.214	             0	             0	
102.536	             0	             0	
102.857	             0	             0	
103.179	             0	             0	
103.500	             0	             0	
103.821	             0	             0	
104.143	             0	             0	
104.464	             0	             0	
104.786	             0	             0	
105.107	             0	             0	
105.429	             0	             0	
105.750	             0	             0	
106.071	             0	             0	
106.393	             0	             0	
106.714	             0	             0	
107.036	             0	             0	
107.357	             0	             0	
107.679	             0	             0	
108.000	             0	             0	
108.321	             0	             0	
108.643	             0	             0	
108.964	             0	             0	
109.286	             0	             0	
109.607	             0	             0	
109.929	             0	             0	
110.250	             0	             0	
110.571	             0	             0	
110.893	             0	             0	
111.214	             0	             0	
111.536	             0	             0	
111.857	             0	             0	
112.179	             0	             0	
112.500	             0	             0	
112.821	             0	             0	
113.143	             0	             0	
113.464	             0	             0	
113.786	             0	             0	
114.107	             0	             0	
114.429	             0	             0	
114.750	             0	             0	
115.071	             0	             0	
115.393	             0	             0	
115.714	             0	             0	
116.036	             0	             0	
116.357	             0	             0	
116.679	             0	             0	
117.000	             0	             0	
117.321	             0	             0	
117.643	             0	             0	
117.964	             0	             0	
118.286	             0	             0	
118.607	             0	             0	
118.929	             0	             0	
119.250	             0	             0	
119.571	             0	             0	
119.893	             0	             0	
120.214	             0	             0	
120.536	             0	             0	
120.857	             0	             0	
121.179	             0	             0	
121.500	             0	             0	
121.821	             0	             0	
122.143	             0	             0	
122.464	             0	             0	
122.786	             0	             0	
123.107	             0	             0	
123.429	             0	             0	
123.750	             0	             0	
124.071	             0	             0	
124.393	             0	             0	
124.714	             0	             0	
125.036	             0	             0	
125.357	             0	             0	
125.679	             0	             0	
126.000	             0	             0	
126.321	             0	             0	
126.643	             0	             0	
126.964	             0	             0	
127.286	             0	             0	
127.607	             0	             0	
127.929	             0	             0	
128.250	             0	             0	
128.571	             0	             0	
128.893	             0	             0	
129.214	             0	             0	
129.536	             0	             0	
129.857	             0	             0	
130.179	             0	             0	
130.500	             0	             0	
130.821	             0	             0	
131.143	             0	             0	
131.464	             0	             0	
131.786	             0	             0	
132.107	             0	             0	
132.429	             0	             0	
132.750	             0	             0	
133.071	             0	             0	
133.393	             0	             0	
133.714	             0	             0	
134.036	             0	             0	
134.357	             0	             0	
134.679	             0	             0	
135.000	             0	             0	
135.321	             0	             0	
135.643	             0	             0	
135.964	             0	             0	
136.286	             0	             0	
136.607	             0	             0	
136.929	             0	             0	
137.250	             0	             0	
137.571	             0	             0	
137.893	             0	             0	
138.214	             0	             0	
138.536	             0	             0	
138.857	             0	             0	
139.179	             0	             0	
139.500	             0	             0	
139.821	             0	             0	
140.143	             0	             0	
140.464	             0	             0	
140.786	             0	             0	
141.107	             0	             0	
141.429	             0	             0	
141.750	             0	             0	
142.071	             0	             0	
142.393	             0	             0	
142.714	             0	             0	
143.036	             0	             0	
143.357	             0	             0	
143.679	             0	             0	
144.000	             0	             0	
144.321	             0	             0	
144.643	             0	             0	
144.964	             0	             0	
145.286	             0	             0	
145.607	             0	             0	
145.929	             0	             0	
146.250	             0	             0	
146.571	             0	             0	
146.893	             0	             0	
147.214	             0	             0	
147.536	             0	             0	
147.857	             0	             0	
148.179	             0	             0	
148.500	             0	             0	
148.821	             0	             0	
149.143	             0	             0	
149.464	             0	             0	
149.786	             0	             0	
150.107	             0	             0	
150.429	             0	             0	
150.750	             0	             0	
151.071	             0	             0	
151.393	             0	             0	
151.714	             0	             0	
152.036	             0	             0	
152.357	             0	             0	
152.679	             0	             0	
153.000	             0	             0	
153.321	             0	             0	
153.643	             0	             0	
153.964	             0	             0	
154.286	             0	             0	
154.607	             0	             0	
154.929	             0	             0	
155.250	             0	             0	
155.571	             0	             0	
155.893	             0	             0	
156.214	             0	             0	
156.536	             0	             0	
156.857	             0	             0	
157.179	             0	             0	
157.500	             0	             0	
157.821	             0	             0	
158.143	             0	             0	
158.464	             0	             0	
158.786	             0	             0	
159.107	             0	             0	
159.429	             0	             0	
159.750	             0	             0	
160.071	             0	             0	
160.393	             0	             0	
160.714	             0	             0	
161.036	             0	             0	
161.357	             0	             0	
161.679	             0	             0	
162.000	             0	             0	
162.321	             0	             0	
162.643	             0	             0	
162.964	             0	             0	
163.286	             0	             0	
163.607	             0	             0	
163.929	             0	             0	
164.250	             0	             0	
164.571	             0	             0	
164.893	             0	             0	
165.214	             0	             0	
165.536	             0	             0	
165.857	             0	             0	
166.179	             0	             0	
166.500	             0	             0	
166.821	             0	             0	
167.143	             0	             0	
167.464	             0	             0	
167.786	             0	             0	
168.107	             0	             0	
168.429	             0	             0	
168.750	             0	             0	
169.071	             0	             0	
169.393	             0	             0	
169.714	             0	             0	
170.036	             0	             0	
170.357	             0	             0	
170.679	             0	             0	
171.000	             0	             0	
171.321	             0	             0	
171.643	             0	             0	
171.964	             0	             0	
172.286	             0	             0	
172.607	             0	             0	
172.929	             0	             0	
173.250	             0	             0	
173.571	             0	             0	
173.893	             0	             0	
174.214	             0	             0	
174.536	             0	             0	
174.857	             0	             0	
175.179	             0	             0	
175.500	             0	             0	
175.821	             0	             0	
176.143	             0	             0	
176.464	             0	             0	
176.786	             0	             0	
177.107	             0	             0	
177.429	             0	             0	
177.750	             0	             0	
178.071	             0	             0	
178.393	             0	             0	
178.714	             0	             0	
179.036	             0	             0	
179.357	             0	             0	
179.679	             0	             0	
180.000	             0	             0	
