
TracePro Release: 3 2 2 
Polar Candela Distribution Data for 
Data covers +/- 180.000 degrees from Normal
Data for Missed Rays
Data generated at 17:26:23 November 12, 2025

	   0.0	 180.0
0.000	      0.778159	      0.778159	
0.321	      0.778159	      0.778159	
0.643	      0.710897	       1.43722	
0.964	      0.710897	       1.43722	
1.286	             0	       1.40819	
1.607	             0	       1.40819	
1.929	             0	      0.696864	
2.250	             0	      0.696864	
2.571	             0	       2.35872	
2.893	             0	       2.35872	
3.214	             0	      0.702198	
3.536	             0	      0.702198	
3.857	             0	      0.702198	
4.179	             0	       5.34457	
4.500	             0	       5.34457	
4.821	             0	       8.06331	
5.143	             0	       8.06331	
5.464	             0	        1.3333	
5.786	             0	        1.3333	
6.107	             0	        3.6652	
6.429	             0	        3.6652	
6.750	         1.122	       3.82327	
7.071	         1.122	       3.82327	
7.393	        1.2888	       9.52842	
7.714	        1.2888	       9.52842	
8.036	        1.2888	       9.52842	
8.357	             0	       1.83466	
8.679	             0	       1.83466	
9.000	             0	       9.17506	
9.321	             0	       9.17506	
9.643	      0.495531	       154.112	
9.964	      0.495531	       154.112	
10.286	      0.985466	             0	
10.607	      0.985466	             0	
10.929	      0.743554	             0	
11.250	      0.743554	             0	
11.571	      0.743554	             0	
11.893	             0	      0.692404	
12.214	             0	      0.692404	
12.536	             0	      0.197782	
12.857	             0	      0.197782	
13.179	             0	      0.121036	
13.500	             0	      0.121036	
13.821	     0.0682414	       1.56466	
14.143	     0.0682414	       1.56466	
14.464	      0.674586	             0	
14.786	      0.674586	             0	
15.107	      0.674586	             0	
15.429	             0	       5.53708	
15.750	             0	       5.53708	
16.071	       2.26909	       2.96663	
16.393	       2.26909	       2.96663	
16.714	       3.73282	       1.61841	
17.036	       3.73282	       1.61841	
17.357	       1.38665	       1.47244	
17.679	       1.38665	       1.47244	
18.000	             0	       1.55315	
18.321	             0	       1.55315	
18.643	      0.638699	     0.0504722	
18.964	      0.638699	     0.0504722	
19.286	      0.638699	     0.0504722	
19.607	       1.29053	       1.53295	
19.929	       1.29053	       1.53295	
20.250	      0.647351	       6.12668	
20.571	      0.647351	       6.12668	
20.893	       1.41253	       62.8612	
21.214	       1.41253	       62.8612	
21.536	      0.656137	      0.683263	
21.857	      0.656137	      0.683263	
22.179	       1.24127	      0.802773	
22.500	       1.24127	      0.802773	
22.821	       1.24127	      0.802773	
23.143	       1.76147	       2.95848	
23.464	       1.76147	       2.95848	
23.786	      0.642387	       4.22512	
24.107	      0.642387	       4.22512	
24.429	      0.712144	       4.81704	
24.750	      0.712144	       4.81704	
25.071	      0.197957	       5.19286	
25.393	      0.197957	       5.19286	
25.714	         1.289	       5.30559	
26.036	         1.289	       5.30559	
26.357	         1.289	       5.30559	
26.679	       1.94011	       1.64979	
27.000	       1.94011	       1.64979	
27.321	      0.620803	      0.821653	
27.643	      0.620803	      0.821653	
27.964	       1.34462	       7.39096	
28.286	       1.34462	       7.39096	
28.607	      0.672554	       3.17816	
28.929	      0.672554	       3.17816	
29.250	       1.22721	       3.44092	
29.571	       1.22721	       3.44092	
29.893	       1.67485	       2.77195	
30.214	       1.67485	       2.77195	
30.536	       1.67485	       2.77195	
30.857	             0	       3.75394	
31.179	             0	       3.75394	
31.500	       2.64919	        1.6563	
31.821	       2.64919	        1.6563	
32.143	       4.02762	      0.745064	
32.464	       4.02762	      0.745064	
32.786	      0.670785	       1.53571	
33.107	      0.670785	       1.53571	
33.429	             0	             0	
33.750	             0	             0	
34.071	             0	             0	
34.393	       1.24437	             0	
34.714	       1.24437	             0	
35.036	             0	             0	
35.357	             0	             0	
35.679	       2.70343	             0	
36.000	       2.70343	             0	
36.321	       2.23927	      0.737195	
36.643	       2.23927	      0.737195	
36.964	      0.956482	       2.97385	
37.286	      0.956482	       2.97385	
37.607	      0.956482	       2.97385	
37.929	        5.0413	      0.181282	
38.250	        5.0413	      0.181282	
38.571	      0.658698	       1.49763	
38.893	      0.658698	       1.49763	
39.214	       1.31482	      0.228861	
39.536	       1.31482	      0.228861	
39.857	      0.116093	             0	
40.179	      0.116093	             0	
40.500	             0	       0.15499	
40.821	             0	       0.15499	
41.143	       1.07592	      0.289354	
41.464	       1.07592	      0.289354	
41.786	       1.07592	      0.289354	
42.107	        1.2957	       1.04842	
42.429	        1.2957	       1.04842	
42.750	      0.644123	      0.407655	
43.071	      0.644123	      0.407655	
43.393	       3.35955	             0	
43.714	       3.35955	             0	
44.036	       1.75598	             0	
44.357	       1.75598	             0	
44.679	       6.90525	      0.251932	
45.000	       6.90525	      0.251932	
45.321	       6.90525	      0.251932	
45.643	       1.17834	             0	
45.964	       1.17834	             0	
46.286	      0.933524	      0.680359	
46.607	      0.933524	      0.680359	
46.929	       6.03712	             0	
47.250	       6.03712	             0	
47.571	       1.54838	             0	
47.893	       1.54838	             0	
48.214	             0	      0.105677	
48.536	             0	      0.105677	
48.857	             0	      0.105677	
49.179	       5.62054	             0	
49.500	       5.62054	             0	
49.821	       2.06835	             0	
50.143	       2.06835	             0	
50.464	       7.80566	       0.17662	
50.786	       7.80566	       0.17662	
51.107	       4.37165	             0	
51.429	       4.37165	             0	
51.750	       2.90297	             0	
52.071	       2.90297	             0	
52.393	       4.19831	      0.340779	
52.714	       4.19831	      0.340779	
53.036	       4.19831	      0.340779	
53.357	       3.85487	             0	
53.679	       3.85487	             0	
54.000	        2.0067	      0.160764	
54.321	        2.0067	      0.160764	
54.643	       3.63426	     0.0772069	
54.964	       3.63426	     0.0772069	
55.286	       5.54069	      0.074841	
55.607	       5.54069	      0.074841	
55.929	       5.66506	             0	
56.250	       5.66506	             0	
56.571	       5.66506	             0	
56.893	       5.80412	             0	
57.214	       5.80412	             0	
57.536	       2.49169	      0.244087	
57.857	       2.49169	      0.244087	
58.179	       2.07398	             0	
58.500	       2.07398	             0	
58.821	       7.12959	      0.229624	
59.143	       7.12959	      0.229624	
59.464	       2.79349	             0	
59.786	       2.79349	             0	
60.107	       2.79349	             0	
60.429	       10.4239	             0	
60.750	       10.4239	             0	
61.071	       4.84946	      0.103091	
61.393	       4.84946	      0.103091	
61.714	        3.8806	       0.11139	
62.036	        3.8806	       0.11139	
62.357	       7.81782	             0	
62.679	       7.81782	             0	
63.000	       7.43452	             0	
63.321	       7.43452	             0	
63.643	       11.2354	     0.0506749	
63.964	       11.2354	     0.0506749	
64.286	       11.2354	     0.0506749	
64.607	       6.67765	      0.136273	
64.929	       6.67765	      0.136273	
65.250	       3.88259	             0	
65.571	       3.88259	             0	
65.893	       6.79482	      0.078706	
66.214	       6.79482	      0.078706	
66.536	       4.33931	             0	
66.857	       4.33931	             0	
67.179	       9.70755	             0	
67.500	       9.70755	             0	
67.821	       9.70755	             0	
68.143	       15.5326	             0	
68.464	       15.5326	             0	
68.786	        9.7081	             0	
69.107	        9.7081	             0	
69.429	       4.29029	             0	
69.750	       4.29029	             0	
70.071	        5.0758	             0	
70.393	        5.0758	             0	
70.714	       10.6784	             0	
71.036	       10.6784	             0	
71.357	       10.6784	             0	
71.679	       5.82515	      0.121192	
72.000	       5.82515	      0.121192	
72.321	       5.82508	     0.0591285	
72.643	       5.82508	     0.0591285	
72.964	       4.85315	             0	
73.286	       4.85315	             0	
73.607	       4.85384	             0	
73.929	       4.85384	             0	
74.250	       6.79489	      0.324912	
74.571	       6.79489	      0.324912	
74.893	        11.344	             0	
75.214	        11.344	             0	
75.536	        11.344	             0	
75.857	       3.88161	             0	
76.179	       3.88161	             0	
76.500	       2.04713	     0.0502298	
76.821	       2.04713	     0.0502298	
77.143	       323.953	             0	
77.464	       323.953	             0	
77.786	             0	             0	
78.107	             0	             0	
78.429	             0	             0	
78.750	             0	             0	
79.071	             0	             0	
79.393	             0	             0	
79.714	             0	             0	
80.036	             0	             0	
80.357	             0	             0	
80.679	      0.141694	             0	
81.000	      0.141694	             0	
81.321	      0.650933	             0	
81.643	      0.650933	             0	
81.964	      0.469752	             0	
82.286	      0.469752	             0	
82.607	      0.469752	             0	
82.929	      0.142436	             0	
83.250	      0.142436	             0	
83.571	             0	             0	
83.893	             0	             0	
84.214	      0.110697	             0	
84.536	      0.110697	             0	
84.857	      0.767042	             0	
85.179	      0.767042	             0	
85.500	             0	             0	
85.821	             0	             0	
86.143	             0	             0	
86.464	             0	             0	
86.786	             0	             0	
87.107	      0.668944	             0	
87.429	      0.668944	             0	
87.750	       1.42771	             0	
88.071	       1.42771	             0	
88.393	             0	             0	
88.714	             0	             0	
89.036	      0.827875	             0	
89.357	      0.827875	             0	
89.679	      0.789177	             0	
90.000	      0.789177	             0	
90.321	      0.789177	             0	
90.643	             0	             0	
90.964	             0	             0	
91.286	       1.59832	             0	
91.607	       1.59832	             0	
91.929	       2.83039	             0	
92.250	       2.83039	             0	
92.571	         3.146	             0	
92.893	         3.146	             0	
93.214	       3.36246	             0	
93.536	       3.36246	             0	
93.857	       3.36246	             0	
94.179	       4.49257	             0	
94.500	       4.49257	             0	
94.821	       1.41457	             0	
95.143	       1.41457	             0	
95.464	       2.48049	             0	
95.786	       2.48049	             0	
96.107	       3.05174	             0	
96.429	       3.05174	             0	
96.750	       2.92903	             0	
97.071	       2.92903	             0	
97.393	       2.33393	             0	
97.714	       2.33393	             0	
98.036	       2.33393	             0	
98.357	       2.00863	             0	
98.679	       2.00863	             0	
99.000	       1.57609	             0	
99.321	       1.57609	             0	
99.643	      0.936118	             0	
99.964	      0.936118	             0	
100.286	       1.13181	             0	
100.607	       1.13181	             0	
100.929	      0.362105	             0	
101.250	      0.362105	             0	
101.571	      0.362105	             0	
101.893	      0.631909	             0	
102.214	      0.631909	             0	
102.536	     0.0550124	             0	
102.857	     0.0550124	             0	
103.179	      0.213902	             0	
103.500	      0.213902	             0	
103.821	             0	             0	
104.143	             0	             0	
104.464	             0	             0	
104.786	             0	             0	
105.107	             0	             0	
105.429	             0	             0	
105.750	             0	             0	
106.071	             0	             0	
106.393	             0	             0	
106.714	             0	             0	
107.036	             0	             0	
107.357	             0	             0	
107.679	             0	             0	
108.000	             0	             0	
108.321	             0	             0	
108.643	             0	             0	
108.964	             0	             0	
109.286	             0	             0	
109.607	             0	             0	
109.929	             0	             0	
110.250	             0	             0	
110.571	             0	             0	
110.893	             0	             0	
111.214	             0	             0	
111.536	             0	             0	
111.857	             0	             0	
112.179	             0	             0	
112.500	             0	             0	
112.821	             0	             0	
113.143	             0	             0	
113.464	             0	             0	
113.786	             0	             0	
114.107	             0	             0	
114.429	             0	             0	
114.750	             0	             0	
115.071	             0	             0	
115.393	             0	             0	
115.714	             0	             0	
116.036	             0	             0	
116.357	             0	             0	
116.679	             0	             0	
117.000	             0	             0	
117.321	             0	             0	
117.643	             0	             0	
117.964	             0	             0	
118.286	             0	             0	
118.607	             0	             0	
118.929	             0	             0	
119.250	             0	             0	
119.571	             0	             0	
119.893	             0	             0	
120.214	             0	             0	
120.536	             0	             0	
120.857	             0	             0	
121.179	             0	             0	
121.500	             0	             0	
121.821	             0	             0	
122.143	             0	             0	
122.464	             0	             0	
122.786	             0	             0	
123.107	             0	             0	
123.429	             0	             0	
123.750	             0	             0	
124.071	             0	             0	
124.393	             0	             0	
124.714	             0	             0	
125.036	             0	             0	
125.357	             0	             0	
125.679	             0	             0	
126.000	             0	             0	
126.321	             0	             0	
126.643	             0	             0	
126.964	             0	             0	
127.286	             0	             0	
127.607	             0	             0	
127.929	             0	             0	
128.250	             0	             0	
128.571	             0	             0	
128.893	             0	             0	
129.214	             0	             0	
129.536	             0	             0	
129.857	             0	             0	
130.179	             0	             0	
130.500	             0	             0	
130.821	             0	             0	
131.143	             0	             0	
131.464	             0	             0	
131.786	             0	             0	
132.107	             0	             0	
132.429	             0	             0	
132.750	             0	             0	
133.071	             0	             0	
133.393	             0	             0	
133.714	             0	             0	
134.036	             0	             0	
134.357	             0	             0	
134.679	             0	             0	
135.000	             0	             0	
135.321	             0	             0	
135.643	             0	             0	
135.964	             0	             0	
136.286	             0	             0	
136.607	             0	             0	
136.929	             0	             0	
137.250	             0	             0	
137.571	             0	             0	
137.893	             0	             0	
138.214	             0	             0	
138.536	             0	             0	
138.857	             0	             0	
139.179	             0	             0	
139.500	             0	             0	
139.821	             0	             0	
140.143	             0	             0	
140.464	             0	             0	
140.786	             0	             0	
141.107	             0	             0	
141.429	             0	             0	
141.750	             0	             0	
142.071	             0	             0	
142.393	             0	             0	
142.714	             0	             0	
143.036	             0	             0	
143.357	             0	             0	
143.679	             0	             0	
144.000	             0	             0	
144.321	             0	             0	
144.643	             0	             0	
144.964	             0	             0	
145.286	             0	             0	
145.607	             0	             0	
145.929	             0	             0	
146.250	             0	             0	
146.571	             0	             0	
146.893	             0	             0	
147.214	             0	             0	
147.536	             0	             0	
147.857	             0	             0	
148.179	             0	             0	
148.500	             0	             0	
148.821	             0	             0	
149.143	             0	             0	
149.464	             0	             0	
149.786	             0	             0	
150.107	             0	             0	
150.429	             0	             0	
150.750	             0	             0	
151.071	             0	             0	
151.393	             0	             0	
151.714	             0	             0	
152.036	             0	             0	
152.357	             0	             0	
152.679	             0	             0	
153.000	             0	             0	
153.321	             0	             0	
153.643	             0	             0	
153.964	             0	             0	
154.286	             0	             0	
154.607	             0	             0	
154.929	             0	             0	
155.250	             0	             0	
155.571	             0	             0	
155.893	             0	             0	
156.214	             0	             0	
156.536	             0	             0	
156.857	             0	             0	
157.179	             0	             0	
157.500	             0	             0	
157.821	             0	             0	
158.143	             0	             0	
158.464	             0	             0	
158.786	             0	             0	
159.107	             0	             0	
159.429	             0	             0	
159.750	             0	             0	
160.071	             0	             0	
160.393	             0	             0	
160.714	             0	             0	
161.036	             0	             0	
161.357	             0	             0	
161.679	             0	             0	
162.000	             0	             0	
162.321	             0	             0	
162.643	             0	             0	
162.964	             0	             0	
163.286	             0	             0	
163.607	             0	             0	
163.929	             0	             0	
164.250	             0	             0	
164.571	             0	             0	
164.893	             0	             0	
165.214	             0	             0	
165.536	             0	             0	
165.857	             0	             0	
166.179	             0	             0	
166.500	             0	             0	
166.821	             0	             0	
167.143	             0	             0	
167.464	             0	             0	
167.786	             0	             0	
168.107	             0	             0	
168.429	             0	             0	
168.750	             0	             0	
169.071	             0	             0	
169.393	             0	             0	
169.714	             0	             0	
170.036	             0	             0	
170.357	             0	             0	
170.679	             0	             0	
171.000	             0	             0	
171.321	             0	             0	
171.643	             0	             0	
171.964	             0	             0	
172.286	             0	             0	
172.607	             0	             0	
172.929	             0	             0	
173.250	             0	             0	
173.571	             0	             0	
173.893	             0	             0	
174.214	             0	             0	
174.536	             0	             0	
174.857	             0	             0	
175.179	             0	             0	
175.500	             0	             0	
175.821	             0	             0	
176.143	             0	             0	
176.464	             0	             0	
176.786	             0	             0	
177.107	             0	             0	
177.429	             0	             0	
177.750	             0	             0	
178.071	             0	             0	
178.393	             0	             0	
178.714	             0	             0	
179.036	             0	             0	
179.357	             0	             0	
179.679	             0	             0	
180.000	             0	             0	
