
TracePro Release: 3 2 0 
Polar Candela Distribution Data for 
Data covers +/- 180.000 degrees from Normal
Data for Missed Rays
Data generated at 08:04:49 September 07, 2025

	   0.0	 180.0
0.000	     0.0685133	     0.0685133	
0.321	     0.0685133	     0.0685133	
0.643	             0	       1.80891	
0.964	             0	       1.80891	
1.286	       0.98147	       2.42161	
1.607	       0.98147	       2.42161	
1.929	     0.0604455	       2.71817	
2.250	     0.0604455	       2.71817	
2.571	       2.02316	      0.608133	
2.893	       2.02316	      0.608133	
3.214	      0.422507	       1.22042	
3.536	      0.422507	       1.22042	
3.857	      0.422507	       1.22042	
4.179	       0.83053	       1.81698	
4.500	       0.83053	       1.81698	
4.821	       1.63512	       1.94162	
5.143	       1.63512	       1.94162	
5.464	       0.34219	      0.814177	
5.786	       0.34219	      0.814177	
6.107	       1.81269	         6.738	
6.429	       1.81269	         6.738	
6.750	      0.823212	      0.200456	
7.071	      0.823212	      0.200456	
7.393	             0	             0	
7.714	             0	             0	
8.036	             0	             0	
8.357	      0.224856	       1.70662	
8.679	      0.224856	       1.70662	
9.000	       1.14554	       3.91929	
9.321	       1.14554	       3.91929	
9.643	             0	       3.61627	
9.964	             0	       3.61627	
10.286	       1.74042	      0.875476	
10.607	       1.74042	      0.875476	
10.929	      0.544815	      0.929884	
11.250	      0.544815	      0.929884	
11.571	      0.544815	      0.929884	
11.893	       3.26765	      0.931123	
12.214	       3.26765	      0.931123	
12.536	             0	       6.26272	
12.857	             0	       6.26272	
13.179	       1.18263	       1.53205	
13.500	       1.18263	       1.53205	
13.821	             0	       212.291	
14.143	             0	       212.291	
14.464	       1.04384	      0.555085	
14.786	       1.04384	      0.555085	
15.107	       1.04384	      0.555085	
15.429	      0.383885	       1.79907	
15.750	      0.383885	       1.79907	
16.071	       0.53863	       1.01604	
16.393	       0.53863	       1.01604	
16.714	             0	       0.59875	
17.036	             0	       0.59875	
17.357	      0.459909	      0.551883	
17.679	      0.459909	      0.551883	
18.000	       1.97398	       1.79929	
18.321	       1.97398	       1.79929	
18.643	      0.802203	             0	
18.964	      0.802203	             0	
19.286	      0.802203	             0	
19.607	             0	             0	
19.929	             0	             0	
20.250	      0.464349	       2.02223	
20.571	      0.464349	       2.02223	
20.893	       1.52832	             0	
21.214	       1.52832	             0	
21.536	             0	      0.100752	
21.857	             0	      0.100752	
22.179	      0.392182	      0.892486	
22.500	      0.392182	      0.892486	
22.821	      0.392182	      0.892486	
23.143	             0	             0	
23.464	             0	             0	
23.786	      0.457616	       1.19147	
24.107	      0.457616	       1.19147	
24.429	       1.19799	             0	
24.750	       1.19799	             0	
25.071	             0	             0	
25.393	             0	             0	
25.714	      0.511231	             0	
26.036	      0.511231	             0	
26.357	      0.511231	             0	
26.679	       1.85079	       1.30553	
27.000	       1.85079	       1.30553	
27.321	             0	       2.10568	
27.643	             0	       2.10568	
27.964	       6.45755	      0.471398	
28.286	       6.45755	      0.471398	
28.607	       5.01855	       106.611	
28.929	       5.01855	       106.611	
29.250	       1.87467	       2.24863	
29.571	       1.87467	       2.24863	
29.893	       2.71774	      0.739034	
30.214	       2.71774	      0.739034	
30.536	       2.71774	      0.739034	
30.857	       1.88455	       1.37697	
31.179	       1.88455	       1.37697	
31.500	       1.13997	      0.414336	
31.821	       1.13997	      0.414336	
32.143	       4.77645	             0	
32.464	       4.77645	             0	
32.786	      0.947355	       1.10696	
33.107	      0.947355	       1.10696	
33.429	       3.17983	       263.881	
33.750	       3.17983	       263.881	
34.071	       3.17983	       263.881	
34.393	       3.89207	             0	
34.714	       3.89207	             0	
35.036	       6.67036	       0.44176	
35.357	       6.67036	       0.44176	
35.679	       6.08016	       1.38824	
36.000	       6.08016	       1.38824	
36.321	       2.85933	             0	
36.643	       2.85933	             0	
36.964	       2.87186	      0.393031	
37.286	       2.87186	      0.393031	
37.607	       2.87186	      0.393031	
37.929	       14.7252	             0	
38.250	       14.7252	             0	
38.571	       4.58256	      0.641521	
38.893	       4.58256	      0.641521	
39.214	       7.67985	      0.182502	
39.536	       7.67985	      0.182502	
39.857	       5.81796	     0.0704118	
40.179	       5.81796	     0.0704118	
40.500	        5.7353	      0.313889	
40.821	        5.7353	      0.313889	
41.143	       5.77446	      0.404889	
41.464	       5.77446	      0.404889	
41.786	       5.77446	      0.404889	
42.107	       4.80098	             0	
42.429	       4.80098	             0	
42.750	       4.85463	             0	
43.071	       4.85463	             0	
43.393	       5.74577	      0.542199	
43.714	       5.74577	      0.542199	
44.036	      0.965103	             0	
44.357	      0.965103	             0	
44.679	       7.72232	             0	
45.000	       7.72232	             0	
45.321	       7.72232	             0	
45.643	        1.9015	             0	
45.964	        1.9015	             0	
46.286	       3.83038	       1.14375	
46.607	       3.83038	       1.14375	
46.929	       4.29931	             0	
47.250	       4.29931	             0	
47.571	       146.356	             0	
47.893	       146.356	             0	
48.214	             0	             0	
48.536	             0	             0	
48.857	             0	             0	
49.179	       1.73612	       0.19748	
49.500	       1.73612	       0.19748	
49.821	             0	             0	
50.143	             0	             0	
50.464	       1.80451	             0	
50.786	       1.80451	             0	
51.107	             0	             0	
51.429	             0	             0	
51.750	             0	      0.667506	
52.071	             0	      0.667506	
52.393	             0	      0.105699	
52.714	             0	      0.105699	
53.036	             0	      0.105699	
53.357	             0	             0	
53.679	             0	             0	
54.000	             0	             0	
54.321	             0	             0	
54.643	             0	             0	
54.964	             0	             0	
55.286	      0.839831	             0	
55.607	      0.839831	             0	
55.929	             0	      0.133006	
56.250	             0	      0.133006	
56.571	             0	      0.133006	
56.893	             0	             0	
57.214	             0	             0	
57.536	      0.258999	      0.242073	
57.857	      0.258999	      0.242073	
58.179	             0	     0.0814108	
58.500	             0	     0.0814108	
58.821	      0.765878	             0	
59.143	      0.765878	             0	
59.464	      0.746114	             0	
59.786	      0.746114	             0	
60.107	      0.746114	             0	
60.429	             0	             0	
60.750	             0	             0	
61.071	             0	             0	
61.393	             0	             0	
61.714	             0	             0	
62.036	             0	             0	
62.357	             0	     0.0675565	
62.679	             0	     0.0675565	
63.000	             0	      0.334531	
63.321	             0	      0.334531	
63.643	       1.67039	       0.08774	
63.964	       1.67039	       0.08774	
64.286	       1.67039	       0.08774	
64.607	       0.39397	             0	
64.929	       0.39397	             0	
65.250	             0	             0	
65.571	             0	             0	
65.893	      0.304882	      0.313989	
66.214	      0.304882	      0.313989	
66.536	     0.0686226	             0	
66.857	     0.0686226	             0	
67.179	     0.0635989	      0.144947	
67.500	     0.0635989	      0.144947	
67.821	     0.0635989	      0.144947	
68.143	       5.69565	      0.247421	
68.464	       5.69565	      0.247421	
68.786	             0	             0	
69.107	             0	             0	
69.429	      0.822273	      0.130975	
69.750	      0.822273	      0.130975	
70.071	       1.37887	             0	
70.393	       1.37887	             0	
70.714	      0.816118	      0.061808	
71.036	      0.816118	      0.061808	
71.357	      0.816118	      0.061808	
71.679	        3.4369	      0.121518	
72.000	        3.4369	      0.121518	
72.321	      0.354919	       0.11008	
72.643	      0.354919	       0.11008	
72.964	       2.31152	             0	
73.286	       2.31152	             0	
73.607	       1.90701	     0.0537131	
73.929	       1.90701	     0.0537131	
74.250	      0.806974	      0.103647	
74.571	      0.806974	      0.103647	
74.893	       2.34212	     0.0983813	
75.214	       2.34212	     0.0983813	
75.536	       2.34212	     0.0983813	
75.857	       2.88156	             0	
76.179	       2.88156	             0	
76.500	       4.20192	             0	
76.821	       4.20192	             0	
77.143	        4.4993	             0	
77.464	        4.4993	             0	
77.786	       6.29644	             0	
78.107	       6.29644	             0	
78.429	      0.875289	             0	
78.750	      0.875289	             0	
79.071	      0.875289	             0	
79.393	       17.9765	             0	
79.714	       17.9765	             0	
80.036	       8.47418	             0	
80.357	       8.47418	             0	
80.679	       7.61961	      0.150742	
81.000	       7.61961	      0.150742	
81.321	       5.49031	             0	
81.643	       5.49031	             0	
81.964	       5.98274	      0.138777	
82.286	       5.98274	      0.138777	
82.607	       5.98274	      0.138777	
82.929	       9.12886	             0	
83.250	       9.12886	             0	
83.571	       50.7756	             0	
83.893	       50.7756	             0	
84.214	      0.372476	             0	
84.536	      0.372476	             0	
84.857	      0.169061	             0	
85.179	      0.169061	             0	
85.500	      0.642673	             0	
85.821	      0.642673	             0	
86.143	      0.673613	             0	
86.464	      0.673613	             0	
86.786	      0.673613	             0	
87.107	      0.186918	             0	
87.429	      0.186918	             0	
87.750	       0.46563	             0	
88.071	       0.46563	             0	
88.393	             0	             0	
88.714	             0	             0	
89.036	      0.342812	             0	
89.357	      0.342812	             0	
89.679	      0.248081	             0	
90.000	      0.248081	             0	
90.321	      0.248081	             0	
90.643	      0.454109	             0	
90.964	      0.454109	             0	
91.286	      0.158114	             0	
91.607	      0.158114	             0	
91.929	      0.049888	             0	
92.250	      0.049888	             0	
92.571	             0	             0	
92.893	             0	             0	
93.214	             0	             0	
93.536	             0	             0	
93.857	             0	             0	
94.179	             0	             0	
94.500	             0	             0	
94.821	             0	             0	
95.143	             0	             0	
95.464	             0	             0	
95.786	             0	             0	
96.107	             0	             0	
96.429	             0	             0	
96.750	             0	             0	
97.071	             0	             0	
97.393	             0	             0	
97.714	             0	             0	
98.036	             0	             0	
98.357	             0	             0	
98.679	             0	             0	
99.000	             0	             0	
99.321	             0	             0	
99.643	             0	             0	
99.964	             0	             0	
100.286	             0	             0	
100.607	             0	             0	
100.929	             0	             0	
101.250	             0	             0	
101.571	             0	             0	
101.893	             0	             0	
102.214	             0	             0	
102.536	             0	             0	
102.857	             0	             0	
103.179	             0	             0	
103.500	             0	             0	
103.821	             0	             0	
104.143	             0	             0	
104.464	             0	             0	
104.786	             0	             0	
105.107	             0	             0	
105.429	             0	             0	
105.750	             0	             0	
106.071	             0	             0	
106.393	             0	             0	
106.714	             0	             0	
107.036	             0	             0	
107.357	             0	             0	
107.679	             0	             0	
108.000	             0	             0	
108.321	             0	             0	
108.643	             0	             0	
108.964	             0	             0	
109.286	             0	             0	
109.607	             0	             0	
109.929	             0	             0	
110.250	             0	             0	
110.571	             0	             0	
110.893	             0	             0	
111.214	             0	             0	
111.536	             0	             0	
111.857	             0	             0	
112.179	             0	             0	
112.500	             0	             0	
112.821	             0	             0	
113.143	             0	             0	
113.464	             0	             0	
113.786	             0	             0	
114.107	             0	             0	
114.429	             0	             0	
114.750	             0	             0	
115.071	             0	             0	
115.393	             0	             0	
115.714	             0	             0	
116.036	             0	             0	
116.357	             0	             0	
116.679	             0	             0	
117.000	             0	             0	
117.321	             0	             0	
117.643	             0	             0	
117.964	             0	             0	
118.286	             0	             0	
118.607	             0	             0	
118.929	             0	             0	
119.250	             0	             0	
119.571	             0	             0	
119.893	             0	             0	
120.214	             0	             0	
120.536	             0	             0	
120.857	             0	             0	
121.179	             0	             0	
121.500	             0	             0	
121.821	             0	             0	
122.143	             0	             0	
122.464	             0	             0	
122.786	             0	             0	
123.107	             0	             0	
123.429	             0	             0	
123.750	             0	             0	
124.071	             0	             0	
124.393	             0	             0	
124.714	             0	             0	
125.036	             0	             0	
125.357	             0	             0	
125.679	             0	             0	
126.000	             0	             0	
126.321	             0	             0	
126.643	             0	             0	
126.964	             0	             0	
127.286	             0	             0	
127.607	             0	             0	
127.929	             0	             0	
128.250	             0	             0	
128.571	             0	             0	
128.893	             0	             0	
129.214	             0	             0	
129.536	             0	             0	
129.857	             0	             0	
130.179	             0	             0	
130.500	             0	             0	
130.821	             0	             0	
131.143	             0	             0	
131.464	             0	             0	
131.786	             0	             0	
132.107	             0	             0	
132.429	             0	             0	
132.750	             0	             0	
133.071	             0	             0	
133.393	             0	             0	
133.714	             0	             0	
134.036	             0	             0	
134.357	             0	             0	
134.679	             0	             0	
135.000	             0	             0	
135.321	             0	             0	
135.643	             0	             0	
135.964	             0	             0	
136.286	             0	             0	
136.607	             0	             0	
136.929	             0	             0	
137.250	             0	             0	
137.571	             0	             0	
137.893	             0	             0	
138.214	             0	             0	
138.536	             0	             0	
138.857	             0	             0	
139.179	             0	             0	
139.500	             0	             0	
139.821	             0	             0	
140.143	             0	             0	
140.464	             0	             0	
140.786	             0	             0	
141.107	             0	             0	
141.429	             0	             0	
141.750	             0	             0	
142.071	             0	             0	
142.393	             0	             0	
142.714	             0	             0	
143.036	             0	             0	
143.357	             0	             0	
143.679	             0	             0	
144.000	             0	             0	
144.321	             0	             0	
144.643	             0	             0	
144.964	             0	             0	
145.286	             0	             0	
145.607	             0	             0	
145.929	             0	             0	
146.250	             0	             0	
146.571	             0	             0	
146.893	             0	             0	
147.214	             0	             0	
147.536	             0	             0	
147.857	             0	             0	
148.179	             0	             0	
148.500	             0	             0	
148.821	             0	             0	
149.143	             0	             0	
149.464	             0	             0	
149.786	             0	             0	
150.107	             0	             0	
150.429	             0	             0	
150.750	             0	             0	
151.071	             0	             0	
151.393	             0	             0	
151.714	             0	             0	
152.036	             0	             0	
152.357	             0	             0	
152.679	             0	             0	
153.000	             0	             0	
153.321	             0	             0	
153.643	             0	             0	
153.964	             0	             0	
154.286	             0	             0	
154.607	             0	             0	
154.929	             0	             0	
155.250	             0	             0	
155.571	             0	             0	
155.893	             0	             0	
156.214	             0	             0	
156.536	             0	             0	
156.857	             0	             0	
157.179	             0	             0	
157.500	             0	             0	
157.821	             0	             0	
158.143	             0	             0	
158.464	             0	             0	
158.786	             0	             0	
159.107	             0	             0	
159.429	             0	             0	
159.750	             0	             0	
160.071	             0	             0	
160.393	             0	             0	
160.714	             0	             0	
161.036	             0	             0	
161.357	             0	             0	
161.679	             0	             0	
162.000	             0	             0	
162.321	             0	             0	
162.643	             0	             0	
162.964	             0	             0	
163.286	             0	             0	
163.607	             0	             0	
163.929	             0	             0	
164.250	             0	             0	
164.571	             0	             0	
164.893	             0	             0	
165.214	             0	             0	
165.536	             0	             0	
165.857	             0	             0	
166.179	             0	             0	
166.500	             0	             0	
166.821	             0	             0	
167.143	             0	             0	
167.464	             0	             0	
167.786	             0	             0	
168.107	             0	             0	
168.429	             0	             0	
168.750	             0	             0	
169.071	             0	             0	
169.393	             0	             0	
169.714	             0	             0	
170.036	             0	             0	
170.357	             0	             0	
170.679	             0	             0	
171.000	             0	             0	
171.321	             0	             0	
171.643	             0	             0	
171.964	             0	             0	
172.286	             0	             0	
172.607	             0	             0	
172.929	             0	             0	
173.250	             0	             0	
173.571	             0	             0	
173.893	             0	             0	
174.214	             0	             0	
174.536	             0	             0	
174.857	             0	             0	
175.179	             0	             0	
175.500	             0	             0	
175.821	             0	             0	
176.143	             0	             0	
176.464	             0	             0	
176.786	             0	             0	
177.107	             0	             0	
177.429	             0	             0	
177.750	             0	             0	
178.071	             0	             0	
178.393	             0	             0	
178.714	             0	             0	
179.036	             0	             0	
179.357	             0	             0	
179.679	             0	             0	
180.000	             0	             0	
