
TracePro Release: 3 2 0 
Polar Candela Distribution Data for 
Data covers +/- 180.000 degrees from Normal
Data for Missed Rays
Data generated at 03:21:27 September 02, 2025

	   0.0	 180.0
0.000	      0.486423	      0.486423	
0.321	      0.486423	      0.486423	
0.643	             0	      0.459003	
0.964	             0	      0.459003	
1.286	             0	             0	
1.607	             0	             0	
1.929	             0	      0.323403	
2.250	             0	      0.323403	
2.571	       1.32354	      0.493011	
2.893	       1.32354	      0.493011	
3.214	       1.10652	             0	
3.536	       1.10652	             0	
3.857	       1.10652	             0	
4.179	      0.366907	             0	
4.500	      0.366907	             0	
4.821	       2.61662	      0.279444	
5.143	       2.61662	      0.279444	
5.464	        1.0001	      0.133659	
5.786	        1.0001	      0.133659	
6.107	             0	             0	
6.429	             0	             0	
6.750	      0.533823	             0	
7.071	      0.533823	             0	
7.393	       1.14729	      0.246666	
7.714	       1.14729	      0.246666	
8.036	       1.14729	      0.246666	
8.357	       1.74743	             0	
8.679	       1.74743	             0	
9.000	       5.15597	      0.226641	
9.321	       5.15597	      0.226641	
9.643	       1.02606	      0.268798	
9.964	       1.02606	      0.268798	
10.286	       1.38064	      0.665977	
10.607	       1.38064	      0.665977	
10.929	       2.60106	       1.07508	
11.250	       2.60106	       1.07508	
11.571	       2.60106	       1.07508	
11.893	       1.47707	      0.277443	
12.214	       1.47707	      0.277443	
12.536	       2.00167	      0.717791	
12.857	       2.00167	      0.717791	
13.179	       3.05124	      0.410428	
13.500	       3.05124	      0.410428	
13.821	       1.71977	       35.0444	
14.143	       1.71977	       35.0444	
14.464	        2.1509	       2.32892	
14.786	        2.1509	       2.32892	
15.107	        2.1509	       2.32892	
15.429	        2.1077	       13.1531	
15.750	        2.1077	       13.1531	
16.071	        3.1836	       6.08872	
16.393	        3.1836	       6.08872	
16.714	       4.99546	       3.61461	
17.036	       4.99546	       3.61461	
17.357	             0	       4.86408	
17.679	             0	       4.86408	
18.000	       2.55136	      0.672731	
18.321	       2.55136	      0.672731	
18.643	       2.37753	       1.95922	
18.964	       2.37753	       1.95922	
19.286	       2.37753	       1.95922	
19.607	       5.19107	      0.690637	
19.929	       5.19107	      0.690637	
20.250	       3.29617	       1.33055	
20.571	       3.29617	       1.33055	
20.893	        1.7609	       1.93411	
21.214	        1.7609	       1.93411	
21.536	       4.68693	       15.4763	
21.857	       4.68693	       15.4763	
22.179	       2.88888	       2.96237	
22.500	       2.88888	       2.96237	
22.821	       2.88888	       2.96237	
23.143	       3.25047	        24.514	
23.464	       3.25047	        24.514	
23.786	       6.70134	             0	
24.107	       6.70134	             0	
24.429	       5.07683	      0.500437	
24.750	       5.07683	      0.500437	
25.071	       8.18956	             0	
25.393	       8.18956	             0	
25.714	       4.95079	             0	
26.036	       4.95079	             0	
26.357	       4.95079	             0	
26.679	       2.46269	             0	
27.000	       2.46269	             0	
27.321	       1.72856	      0.428843	
27.643	       1.72856	      0.428843	
27.964	       6.27512	       5.81264	
28.286	       6.27512	       5.81264	
28.607	       2.53128	       5.81222	
28.929	       2.53128	       5.81222	
29.250	       5.95219	        10.304	
29.571	       5.95219	        10.304	
29.893	        8.4981	       3.13059	
30.214	        8.4981	       3.13059	
30.536	        8.4981	       3.13059	
30.857	       3.51277	       5.42909	
31.179	       3.51277	       5.42909	
31.500	       5.95313	       1.89648	
31.821	       5.95313	       1.89648	
32.143	       3.78491	      0.850041	
32.464	       3.78491	      0.850041	
32.786	       7.70095	      0.918286	
33.107	       7.70095	      0.918286	
33.429	       10.1929	             0	
33.750	       10.1929	             0	
34.071	       10.1929	             0	
34.393	        4.1943	      0.592529	
34.714	        4.1943	      0.592529	
35.036	       6.84602	      0.140275	
35.357	       6.84602	      0.140275	
35.679	       15.5453	             0	
36.000	       15.5453	             0	
36.321	       9.65733	       0.39965	
36.643	       9.65733	       0.39965	
36.964	       7.81775	      0.307147	
37.286	       7.81775	      0.307147	
37.607	       7.81775	      0.307147	
37.929	       14.2566	       0.49816	
38.250	       14.2566	       0.49816	
38.571	       3.97823	       1.02483	
38.893	       3.97823	       1.02483	
39.214	        7.8166	      0.266062	
39.536	        7.8166	      0.266062	
39.857	       1.76079	       0.26511	
40.179	       1.76079	       0.26511	
40.500	       5.32946	             0	
40.821	       5.32946	             0	
41.143	       19.4006	      0.198099	
41.464	       19.4006	      0.198099	
41.786	       19.4006	      0.198099	
42.107	       4.38513	             0	
42.429	       4.38513	             0	
42.750	       4.59902	      0.203971	
43.071	       4.59902	      0.203971	
43.393	       139.054	      0.360567	
43.714	       139.054	      0.360567	
44.036	       10.4359	      0.340971	
44.357	       10.4359	      0.340971	
44.679	       12.9484	             0	
45.000	       12.9484	             0	
45.321	       12.9484	             0	
45.643	       9.26433	             0	
45.964	       9.26433	             0	
46.286	       8.13407	      0.610779	
46.607	       8.13407	      0.610779	
46.929	       24.0704	      0.149605	
47.250	       24.0704	      0.149605	
47.571	       7.44106	             0	
47.893	       7.44106	             0	
48.214	       7.44869	      0.701285	
48.536	       7.44869	      0.701285	
48.857	       7.44869	      0.701285	
49.179	       22.3318	             0	
49.500	       22.3318	             0	
49.821	       11.1901	      0.517713	
50.143	       11.1901	      0.517713	
50.464	       27.9947	      0.121949	
50.786	       27.9947	      0.121949	
51.107	       13.0707	             0	
51.429	       13.0707	             0	
51.750	       12.6966	             0	
52.071	       12.6966	             0	
52.393	       33.6404	             0	
52.714	       33.6404	             0	
53.036	       33.6404	             0	
53.357	       359.909	             0	
53.679	       359.909	             0	
54.000	       7.48449	             0	
54.321	       7.48449	             0	
54.643	       7.48451	             0	
54.964	       7.48451	             0	
55.286	       0.38006	      0.142968	
55.607	       0.38006	      0.142968	
55.929	       37.1404	      0.279274	
56.250	       37.1404	      0.279274	
56.571	       37.1404	      0.279274	
56.893	       5.12573	       0.18031	
57.214	       5.12573	       0.18031	
57.536	       2.15151	      0.532898	
57.857	       2.15151	      0.532898	
58.179	       3.34073	     0.0826025	
58.500	       3.34073	     0.0826025	
58.821	       1.72441	             0	
59.143	       1.72441	             0	
59.464	       1.13198	      0.157494	
59.786	       1.13198	      0.157494	
60.107	       1.13198	      0.157494	
60.429	       2.01774	      0.755226	
60.750	       2.01774	      0.755226	
61.071	      0.117977	     0.0728583	
61.393	      0.117977	     0.0728583	
61.714	     0.0858343	             0	
62.036	     0.0858343	             0	
62.357	      0.219723	     0.0690122	
62.679	      0.219723	     0.0690122	
63.000	             0	      0.133123	
63.321	             0	      0.133123	
63.643	       1.34366	     0.0649152	
63.964	       1.34366	     0.0649152	
64.286	       1.34366	     0.0649152	
64.607	      0.800294	             0	
64.929	      0.800294	             0	
65.250	      0.606377	             0	
65.571	      0.606377	             0	
65.893	      0.497461	     0.0589777	
66.214	      0.497461	     0.0589777	
66.536	       0.40635	             0	
66.857	       0.40635	             0	
67.179	             0	             0	
67.500	             0	             0	
67.821	             0	             0	
68.143	             0	             0	
68.464	             0	             0	
68.786	             0	             0	
69.107	             0	             0	
69.429	             0	             0	
69.750	             0	             0	
70.071	             0	             0	
70.393	             0	             0	
70.714	             0	             0	
71.036	             0	             0	
71.357	             0	             0	
71.679	             0	             0	
72.000	             0	             0	
72.321	             0	             0	
72.643	             0	             0	
72.964	             0	             0	
73.286	             0	             0	
73.607	             0	             0	
73.929	             0	             0	
74.250	             0	             0	
74.571	             0	             0	
74.893	             0	             0	
75.214	             0	             0	
75.536	             0	             0	
75.857	             0	             0	
76.179	             0	             0	
76.500	             0	             0	
76.821	             0	             0	
77.143	             0	             0	
77.464	             0	             0	
77.786	             0	             0	
78.107	             0	             0	
78.429	             0	             0	
78.750	             0	             0	
79.071	             0	             0	
79.393	      0.625194	             0	
79.714	      0.625194	             0	
80.036	      0.297957	             0	
80.357	      0.297957	             0	
80.679	             0	             0	
81.000	             0	             0	
81.321	             0	             0	
81.643	             0	             0	
81.964	             0	             0	
82.286	             0	             0	
82.607	             0	             0	
82.929	             0	     0.0531055	
83.250	             0	     0.0531055	
83.571	             0	             0	
83.893	             0	             0	
84.214	             0	             0	
84.536	             0	             0	
84.857	             0	             0	
85.179	             0	             0	
85.500	             0	             0	
85.821	             0	             0	
86.143	             0	             0	
86.464	             0	             0	
86.786	             0	             0	
87.107	             0	             0	
87.429	             0	             0	
87.750	             0	             0	
88.071	             0	             0	
88.393	             0	             0	
88.714	             0	             0	
89.036	             0	             0	
89.357	             0	             0	
89.679	             0	             0	
90.000	             0	             0	
90.321	             0	             0	
90.643	             0	             0	
90.964	             0	             0	
91.286	             0	             0	
91.607	             0	             0	
91.929	             0	             0	
92.250	             0	             0	
92.571	             0	             0	
92.893	             0	             0	
93.214	             0	             0	
93.536	             0	             0	
93.857	             0	             0	
94.179	             0	             0	
94.500	             0	             0	
94.821	             0	             0	
95.143	             0	             0	
95.464	             0	             0	
95.786	             0	             0	
96.107	             0	             0	
96.429	             0	             0	
96.750	             0	             0	
97.071	             0	             0	
97.393	             0	             0	
97.714	             0	             0	
98.036	             0	             0	
98.357	             0	             0	
98.679	             0	             0	
99.000	             0	             0	
99.321	             0	             0	
99.643	             0	             0	
99.964	             0	             0	
100.286	             0	             0	
100.607	             0	             0	
100.929	             0	             0	
101.250	             0	             0	
101.571	             0	             0	
101.893	             0	             0	
102.214	             0	             0	
102.536	             0	             0	
102.857	             0	             0	
103.179	             0	             0	
103.500	             0	             0	
103.821	             0	             0	
104.143	             0	             0	
104.464	             0	             0	
104.786	             0	             0	
105.107	             0	             0	
105.429	             0	             0	
105.750	             0	             0	
106.071	             0	             0	
106.393	             0	             0	
106.714	             0	             0	
107.036	             0	             0	
107.357	             0	             0	
107.679	             0	             0	
108.000	             0	             0	
108.321	             0	             0	
108.643	             0	             0	
108.964	             0	             0	
109.286	             0	             0	
109.607	             0	             0	
109.929	             0	             0	
110.250	             0	             0	
110.571	             0	             0	
110.893	             0	             0	
111.214	             0	             0	
111.536	             0	             0	
111.857	             0	             0	
112.179	             0	             0	
112.500	             0	             0	
112.821	             0	             0	
113.143	             0	             0	
113.464	             0	             0	
113.786	             0	             0	
114.107	             0	             0	
114.429	             0	             0	
114.750	             0	             0	
115.071	             0	             0	
115.393	             0	             0	
115.714	             0	             0	
116.036	             0	             0	
116.357	             0	             0	
116.679	             0	             0	
117.000	             0	             0	
117.321	             0	             0	
117.643	             0	             0	
117.964	             0	             0	
118.286	             0	             0	
118.607	             0	             0	
118.929	             0	             0	
119.250	             0	             0	
119.571	             0	             0	
119.893	             0	             0	
120.214	             0	             0	
120.536	             0	             0	
120.857	             0	             0	
121.179	             0	             0	
121.500	             0	             0	
121.821	             0	             0	
122.143	             0	             0	
122.464	             0	             0	
122.786	             0	             0	
123.107	             0	             0	
123.429	             0	             0	
123.750	             0	             0	
124.071	             0	             0	
124.393	             0	             0	
124.714	             0	             0	
125.036	             0	             0	
125.357	             0	             0	
125.679	             0	             0	
126.000	             0	             0	
126.321	             0	             0	
126.643	             0	             0	
126.964	             0	             0	
127.286	             0	             0	
127.607	             0	             0	
127.929	             0	             0	
128.250	             0	             0	
128.571	             0	             0	
128.893	             0	             0	
129.214	             0	             0	
129.536	             0	             0	
129.857	             0	             0	
130.179	             0	             0	
130.500	             0	             0	
130.821	             0	             0	
131.143	             0	             0	
131.464	             0	             0	
131.786	             0	             0	
132.107	             0	             0	
132.429	             0	             0	
132.750	             0	             0	
133.071	             0	             0	
133.393	             0	             0	
133.714	             0	             0	
134.036	       0.19622	             0	
134.357	       0.19622	             0	
134.679	             0	             0	
135.000	             0	             0	
135.321	             0	             0	
135.643	             0	             0	
135.964	             0	             0	
136.286	             0	             0	
136.607	             0	             0	
136.929	      0.327241	             0	
137.250	      0.327241	             0	
137.571	             0	             0	
137.893	             0	             0	
138.214	             0	             0	
138.536	             0	             0	
138.857	             0	             0	
139.179	             0	             0	
139.500	             0	             0	
139.821	             0	             0	
140.143	             0	             0	
140.464	      0.277052	             0	
140.786	      0.277052	             0	
141.107	             0	             0	
141.429	             0	             0	
141.750	             0	             0	
142.071	             0	             0	
142.393	             0	             0	
142.714	             0	             0	
143.036	             0	             0	
143.357	             0	             0	
143.679	             0	             0	
144.000	             0	             0	
144.321	             0	             0	
144.643	             0	             0	
144.964	             0	             0	
145.286	             0	             0	
145.607	             0	             0	
145.929	             0	             0	
146.250	             0	             0	
146.571	             0	             0	
146.893	             0	             0	
147.214	             0	             0	
147.536	             0	             0	
147.857	             0	             0	
148.179	             0	             0	
148.500	             0	             0	
148.821	             0	             0	
149.143	             0	             0	
149.464	             0	             0	
149.786	             0	             0	
150.107	             0	             0	
150.429	             0	             0	
150.750	             0	             0	
151.071	             0	             0	
151.393	             0	             0	
151.714	             0	             0	
152.036	             0	             0	
152.357	             0	             0	
152.679	             0	             0	
153.000	             0	             0	
153.321	             0	             0	
153.643	             0	             0	
153.964	             0	             0	
154.286	             0	             0	
154.607	             0	             0	
154.929	             0	             0	
155.250	             0	             0	
155.571	             0	             0	
155.893	             0	             0	
156.214	             0	             0	
156.536	             0	             0	
156.857	             0	             0	
157.179	             0	             0	
157.500	             0	             0	
157.821	             0	             0	
158.143	             0	             0	
158.464	             0	             0	
158.786	             0	             0	
159.107	             0	             0	
159.429	             0	             0	
159.750	             0	             0	
160.071	             0	             0	
160.393	             0	             0	
160.714	             0	             0	
161.036	             0	             0	
161.357	             0	             0	
161.679	             0	             0	
162.000	             0	             0	
162.321	             0	             0	
162.643	             0	             0	
162.964	             0	             0	
163.286	             0	             0	
163.607	             0	             0	
163.929	             0	             0	
164.250	             0	             0	
164.571	             0	             0	
164.893	             0	             0	
165.214	             0	             0	
165.536	             0	             0	
165.857	             0	             0	
166.179	             0	             0	
166.500	             0	             0	
166.821	             0	             0	
167.143	             0	             0	
167.464	             0	             0	
167.786	             0	             0	
168.107	             0	             0	
168.429	             0	             0	
168.750	             0	             0	
169.071	             0	             0	
169.393	             0	             0	
169.714	             0	             0	
170.036	             0	             0	
170.357	             0	             0	
170.679	             0	             0	
171.000	             0	             0	
171.321	             0	             0	
171.643	             0	             0	
171.964	             0	             0	
172.286	             0	             0	
172.607	             0	             0	
172.929	             0	             0	
173.250	             0	             0	
173.571	             0	             0	
173.893	             0	             0	
174.214	             0	             0	
174.536	             0	             0	
174.857	             0	             0	
175.179	             0	             0	
175.500	             0	             0	
175.821	             0	             0	
176.143	             0	             0	
176.464	             0	             0	
176.786	             0	             0	
177.107	             0	             0	
177.429	             0	             0	
177.750	             0	             0	
178.071	             0	             0	
178.393	             0	             0	
178.714	             0	             0	
179.036	             0	             0	
179.357	             0	             0	
179.679	             0	             0	
180.000	             0	             0	
