
TracePro Release: 3 2 0 
Polar Candela Distribution Data for 
Data covers +/- 180.000 degrees from Normal
Data for Missed Rays
Data generated at 15:08:39 September 06, 2025

	   0.0	 180.0
0.000	      0.779594	      0.779594	
0.321	      0.779594	      0.779594	
0.643	      0.779888	             0	
0.964	      0.779888	             0	
1.286	      0.808029	             0	
1.607	      0.808029	             0	
1.929	             0	             0	
2.250	             0	             0	
2.571	       1.24254	             0	
2.893	       1.24254	             0	
3.214	      0.499763	             0	
3.536	      0.499763	             0	
3.857	      0.499763	             0	
4.179	             0	             0	
4.500	             0	             0	
4.821	       1.09367	      0.190498	
5.143	       1.09367	      0.190498	
5.464	      0.716388	      0.770859	
5.786	      0.716388	      0.770859	
6.107	       2.26599	             0	
6.429	       2.26599	             0	
6.750	             0	             0	
7.071	             0	             0	
7.393	       4.04036	             0	
7.714	       4.04036	             0	
8.036	       4.04036	             0	
8.357	      0.237084	       8.28792	
8.679	      0.237084	       8.28792	
9.000	       7.37079	       4.15582	
9.321	       7.37079	       4.15582	
9.643	       2.17108	       1.27606	
9.964	       2.17108	       1.27606	
10.286	       1.49201	       1.43148	
10.607	       1.49201	       1.43148	
10.929	      0.546843	       2.28711	
11.250	      0.546843	       2.28711	
11.571	      0.546843	       2.28711	
11.893	       1.04197	     0.0986748	
12.214	       1.04197	     0.0986748	
12.536	             0	       3.38207	
12.857	             0	       3.38207	
13.179	       1.27921	      0.739747	
13.500	       1.27921	      0.739747	
13.821	       1.51136	       2.78076	
14.143	       1.51136	       2.78076	
14.464	      0.667298	             0	
14.786	      0.667298	             0	
15.107	      0.667298	             0	
15.429	             0	        1.4588	
15.750	             0	        1.4588	
16.071	      0.750673	     0.0980152	
16.393	      0.750673	     0.0980152	
16.714	             0	       2.45072	
17.036	             0	       2.45072	
17.357	      0.580456	       2.79083	
17.679	      0.580456	       2.79083	
18.000	      0.591312	             0	
18.321	      0.591312	             0	
18.643	       1.19483	      0.727594	
18.964	       1.19483	      0.727594	
19.286	       1.19483	      0.727594	
19.607	       1.19952	       5.87098	
19.929	       1.19952	       5.87098	
20.250	      0.467361	       1.45449	
20.571	      0.467361	       1.45449	
20.893	       1.20059	       2.18386	
21.214	       1.20059	       2.18386	
21.536	       2.23382	       1.64858	
21.857	       2.23382	       1.64858	
22.179	       2.73566	       3.70448	
22.500	       2.73566	       3.70448	
22.821	       2.73566	       3.70448	
23.143	             0	       4.37674	
23.464	             0	       4.37674	
23.786	     0.0807178	      0.729163	
24.107	     0.0807178	      0.729163	
24.429	       1.30716	       2.18636	
24.750	       1.30716	       2.18636	
25.071	       3.63575	        1.5089	
25.393	       3.63575	        1.5089	
25.714	             0	      0.724502	
26.036	             0	      0.724502	
26.357	             0	      0.724502	
26.679	     0.0975453	       1.44799	
27.000	     0.0975453	       1.44799	
27.321	      0.171509	     0.0828575	
27.643	      0.171509	     0.0828575	
27.964	             0	             0	
28.286	             0	             0	
28.607	             0	      0.205053	
28.929	             0	      0.205053	
29.250	       0.63785	        9.4186	
29.571	       0.63785	        9.4186	
29.893	        2.0772	       1.34553	
30.214	        2.0772	       1.34553	
30.536	        2.0772	       1.34553	
30.857	      0.633117	       67.8744	
31.179	      0.633117	       67.8744	
31.500	      0.166173	      0.729283	
31.821	      0.166173	      0.729283	
32.143	       1.88012	             0	
32.464	       1.88012	             0	
32.786	      0.790556	             0	
33.107	      0.790556	             0	
33.429	             0	             0	
33.750	             0	             0	
34.071	             0	             0	
34.393	      0.129913	      0.322108	
34.714	      0.129913	      0.322108	
35.036	             0	      0.672404	
35.357	             0	      0.672404	
35.679	       1.12839	       4.03402	
36.000	       1.12839	       4.03402	
36.321	      0.107326	             0	
36.643	      0.107326	             0	
36.964	       1.16596	       2.96039	
37.286	       1.16596	       2.96039	
37.607	       1.16596	       2.96039	
37.929	             0	             0	
38.250	             0	             0	
38.571	             0	       1.01907	
38.893	             0	       1.01907	
39.214	             0	      0.598215	
39.536	             0	      0.598215	
39.857	       1.04241	             0	
40.179	       1.04241	             0	
40.500	       1.63188	             0	
40.821	       1.63188	             0	
41.143	             0	             0	
41.464	             0	             0	
41.786	             0	             0	
42.107	      0.963196	             0	
42.429	      0.963196	             0	
42.750	             0	             0	
43.071	             0	             0	
43.393	      0.131649	             0	
43.714	      0.131649	             0	
44.036	             0	             0	
44.357	             0	             0	
44.679	      0.116252	      0.437089	
45.000	      0.116252	      0.437089	
45.321	      0.116252	      0.437089	
45.643	             0	      0.125214	
45.964	             0	      0.125214	
46.286	             0	      0.104636	
46.607	             0	      0.104636	
46.929	             0	             0	
47.250	             0	             0	
47.571	             0	             0	
47.893	             0	             0	
48.214	             0	             0	
48.536	             0	             0	
48.857	             0	             0	
49.179	             0	             0	
49.500	             0	             0	
49.821	             0	             0	
50.143	             0	             0	
50.464	             0	             0	
50.786	             0	             0	
51.107	      0.748285	             0	
51.429	      0.748285	             0	
51.750	      0.968538	             0	
52.071	      0.968538	             0	
52.393	             0	             0	
52.714	             0	             0	
53.036	             0	             0	
53.357	             0	             0	
53.679	             0	             0	
54.000	      0.765297	      0.188349	
54.321	      0.765297	      0.188349	
54.643	             0	             0	
54.964	             0	             0	
55.286	             0	             0	
55.607	             0	             0	
55.929	      0.969651	             0	
56.250	      0.969651	             0	
56.571	      0.969651	             0	
56.893	             0	             0	
57.214	             0	             0	
57.536	             0	             0	
57.857	             0	             0	
58.179	             0	             0	
58.500	             0	             0	
58.821	             0	             0	
59.143	             0	             0	
59.464	       1.83853	             0	
59.786	       1.83853	             0	
60.107	       1.83853	             0	
60.429	             0	       0.10985	
60.750	             0	       0.10985	
61.071	       2.57991	             0	
61.393	       2.57991	             0	
61.714	             0	             0	
62.036	             0	             0	
62.357	      0.400155	             0	
62.679	      0.400155	             0	
63.000	             0	             0	
63.321	             0	             0	
63.643	       1.83236	             0	
63.964	       1.83236	             0	
64.286	       1.83236	             0	
64.607	      0.922638	             0	
64.929	      0.922638	             0	
65.250	      0.931001	             0	
65.571	      0.931001	             0	
65.893	      0.935319	             0	
66.214	      0.935319	             0	
66.536	       1.90995	             0	
66.857	       1.90995	             0	
67.179	             0	             0	
67.500	             0	             0	
67.821	             0	             0	
68.143	             0	             0	
68.464	             0	             0	
68.786	      0.970795	             0	
69.107	      0.970795	             0	
69.429	             0	             0	
69.750	             0	             0	
70.071	       1.91002	             0	
70.393	       1.91002	             0	
70.714	             0	             0	
71.036	             0	             0	
71.357	             0	             0	
71.679	       5.28735	             0	
72.000	       5.28735	             0	
72.321	       1.93217	             0	
72.643	       1.93217	             0	
72.964	      0.963466	             0	
73.286	      0.963466	             0	
73.607	       2.90039	             0	
73.929	       2.90039	             0	
74.250	       1.93216	             0	
74.571	       1.93216	             0	
74.893	       1.93448	             0	
75.214	       1.93448	             0	
75.536	       1.93448	             0	
75.857	       1.93877	             0	
76.179	       1.93877	             0	
76.500	      0.968619	             0	
76.821	      0.968619	             0	
77.143	      0.969299	             0	
77.464	      0.969299	             0	
77.786	       2.90864	             0	
78.107	       2.90864	             0	
78.429	       4.54325	             0	
78.750	       4.54325	             0	
79.071	       4.54325	             0	
79.393	       3.88092	             0	
79.714	       3.88092	             0	
80.036	       1.94082	             0	
80.357	       1.94082	             0	
80.679	       1.94117	             0	
81.000	       1.94117	             0	
81.321	       1.94166	             0	
81.643	       1.94166	             0	
81.964	       1.94182	             0	
82.286	       1.94182	             0	
82.607	       1.94182	             0	
82.929	       5.82528	             0	
83.250	       5.82528	             0	
83.571	       3.88371	             0	
83.893	       3.88371	             0	
84.214	       2.91286	             0	
84.536	       2.91286	             0	
84.857	       1.94192	             0	
85.179	       1.94192	             0	
85.500	        5.8258	             0	
85.821	        5.8258	             0	
86.143	       7.76774	             0	
86.464	       7.76774	             0	
86.786	       7.76774	             0	
87.107	       718.516	             0	
87.429	       718.516	             0	
87.750	             0	             0	
88.071	             0	             0	
88.393	             0	             0	
88.714	             0	             0	
89.036	             0	             0	
89.357	             0	             0	
89.679	             0	             0	
90.000	             0	             0	
90.321	             0	             0	
90.643	             0	             0	
90.964	             0	             0	
91.286	             0	             0	
91.607	             0	             0	
91.929	             0	             0	
92.250	             0	             0	
92.571	      0.184843	             0	
92.893	      0.184843	             0	
93.214	             0	             0	
93.536	             0	             0	
93.857	             0	             0	
94.179	      0.410216	             0	
94.500	      0.410216	             0	
94.821	             0	             0	
95.143	             0	             0	
95.464	       0.11498	             0	
95.786	       0.11498	             0	
96.107	             0	             0	
96.429	             0	             0	
96.750	             0	             0	
97.071	             0	             0	
97.393	             0	             0	
97.714	             0	             0	
98.036	             0	             0	
98.357	             0	             0	
98.679	             0	             0	
99.000	             0	             0	
99.321	             0	             0	
99.643	             0	             0	
99.964	             0	             0	
100.286	      0.151275	             0	
100.607	      0.151275	             0	
100.929	             0	             0	
101.250	             0	             0	
101.571	             0	             0	
101.893	             0	             0	
102.214	             0	             0	
102.536	             0	             0	
102.857	             0	             0	
103.179	             0	             0	
103.500	             0	             0	
103.821	             0	             0	
104.143	             0	             0	
104.464	             0	             0	
104.786	             0	             0	
105.107	             0	             0	
105.429	             0	             0	
105.750	             0	             0	
106.071	             0	             0	
106.393	             0	             0	
106.714	             0	             0	
107.036	             0	             0	
107.357	             0	             0	
107.679	             0	             0	
108.000	             0	             0	
108.321	             0	             0	
108.643	             0	             0	
108.964	             0	             0	
109.286	             0	             0	
109.607	             0	             0	
109.929	             0	             0	
110.250	             0	             0	
110.571	             0	             0	
110.893	             0	             0	
111.214	             0	             0	
111.536	             0	             0	
111.857	             0	             0	
112.179	             0	             0	
112.500	             0	             0	
112.821	             0	             0	
113.143	             0	             0	
113.464	             0	             0	
113.786	             0	             0	
114.107	             0	             0	
114.429	             0	             0	
114.750	             0	             0	
115.071	             0	             0	
115.393	             0	             0	
115.714	             0	             0	
116.036	             0	             0	
116.357	             0	             0	
116.679	             0	             0	
117.000	             0	             0	
117.321	             0	             0	
117.643	             0	             0	
117.964	             0	             0	
118.286	             0	             0	
118.607	             0	             0	
118.929	             0	             0	
119.250	             0	             0	
119.571	             0	             0	
119.893	             0	             0	
120.214	             0	             0	
120.536	             0	             0	
120.857	             0	             0	
121.179	             0	             0	
121.500	             0	             0	
121.821	             0	             0	
122.143	             0	             0	
122.464	             0	             0	
122.786	             0	             0	
123.107	             0	             0	
123.429	             0	             0	
123.750	             0	             0	
124.071	             0	             0	
124.393	             0	             0	
124.714	             0	             0	
125.036	             0	             0	
125.357	             0	             0	
125.679	             0	             0	
126.000	             0	             0	
126.321	             0	             0	
126.643	             0	             0	
126.964	             0	             0	
127.286	             0	             0	
127.607	             0	             0	
127.929	             0	             0	
128.250	             0	             0	
128.571	             0	             0	
128.893	             0	             0	
129.214	             0	             0	
129.536	             0	             0	
129.857	             0	             0	
130.179	             0	             0	
130.500	             0	             0	
130.821	             0	             0	
131.143	             0	             0	
131.464	             0	             0	
131.786	             0	             0	
132.107	             0	             0	
132.429	             0	             0	
132.750	             0	             0	
133.071	             0	             0	
133.393	             0	             0	
133.714	             0	             0	
134.036	             0	             0	
134.357	             0	             0	
134.679	             0	             0	
135.000	             0	             0	
135.321	             0	             0	
135.643	             0	             0	
135.964	             0	             0	
136.286	             0	             0	
136.607	             0	             0	
136.929	             0	             0	
137.250	             0	             0	
137.571	             0	             0	
137.893	             0	             0	
138.214	             0	             0	
138.536	             0	             0	
138.857	             0	             0	
139.179	             0	             0	
139.500	             0	             0	
139.821	             0	             0	
140.143	             0	             0	
140.464	             0	             0	
140.786	             0	             0	
141.107	             0	             0	
141.429	             0	             0	
141.750	             0	             0	
142.071	             0	             0	
142.393	             0	             0	
142.714	             0	             0	
143.036	             0	             0	
143.357	             0	             0	
143.679	             0	             0	
144.000	             0	             0	
144.321	             0	             0	
144.643	             0	             0	
144.964	             0	             0	
145.286	             0	             0	
145.607	             0	             0	
145.929	             0	             0	
146.250	             0	             0	
146.571	             0	             0	
146.893	             0	             0	
147.214	             0	             0	
147.536	             0	             0	
147.857	             0	             0	
148.179	             0	             0	
148.500	             0	             0	
148.821	             0	             0	
149.143	             0	             0	
149.464	             0	             0	
149.786	             0	             0	
150.107	             0	             0	
150.429	             0	             0	
150.750	             0	             0	
151.071	             0	             0	
151.393	             0	             0	
151.714	             0	             0	
152.036	             0	             0	
152.357	             0	             0	
152.679	             0	             0	
153.000	             0	             0	
153.321	             0	             0	
153.643	             0	             0	
153.964	             0	             0	
154.286	             0	             0	
154.607	             0	             0	
154.929	             0	             0	
155.250	             0	             0	
155.571	             0	             0	
155.893	             0	             0	
156.214	             0	             0	
156.536	             0	             0	
156.857	             0	             0	
157.179	             0	             0	
157.500	             0	             0	
157.821	             0	             0	
158.143	             0	             0	
158.464	             0	             0	
158.786	             0	             0	
159.107	             0	             0	
159.429	             0	             0	
159.750	             0	             0	
160.071	             0	             0	
160.393	             0	             0	
160.714	             0	             0	
161.036	             0	             0	
161.357	             0	             0	
161.679	             0	             0	
162.000	             0	             0	
162.321	             0	             0	
162.643	             0	             0	
162.964	             0	             0	
163.286	             0	             0	
163.607	             0	             0	
163.929	             0	             0	
164.250	             0	             0	
164.571	             0	             0	
164.893	             0	             0	
165.214	             0	             0	
165.536	             0	             0	
165.857	             0	             0	
166.179	             0	             0	
166.500	             0	             0	
166.821	             0	             0	
167.143	             0	             0	
167.464	             0	             0	
167.786	             0	             0	
168.107	             0	             0	
168.429	             0	             0	
168.750	             0	             0	
169.071	             0	             0	
169.393	             0	             0	
169.714	             0	             0	
170.036	             0	             0	
170.357	             0	             0	
170.679	             0	             0	
171.000	             0	             0	
171.321	             0	             0	
171.643	             0	             0	
171.964	             0	             0	
172.286	             0	             0	
172.607	             0	             0	
172.929	             0	             0	
173.250	             0	             0	
173.571	             0	             0	
173.893	             0	             0	
174.214	             0	             0	
174.536	             0	             0	
174.857	             0	             0	
175.179	             0	             0	
175.500	             0	             0	
175.821	             0	             0	
176.143	             0	             0	
176.464	             0	             0	
176.786	             0	             0	
177.107	             0	             0	
177.429	             0	             0	
177.750	             0	             0	
178.071	             0	             0	
178.393	             0	             0	
178.714	             0	             0	
179.036	             0	             0	
179.357	             0	             0	
179.679	             0	             0	
180.000	             0	             0	
