
TracePro Release: 3 2 0 
Polar Candela Distribution Data for 
Data covers +/- 180.000 degrees from Normal
Data for Missed Rays
Data generated at 15:45:46 September 06, 2025

	   0.0	 180.0
0.000	             0	             0	
0.321	             0	             0	
0.643	             0	             0	
0.964	             0	             0	
1.286	      0.331422	             0	
1.607	      0.331422	             0	
1.929	             0	             0	
2.250	             0	             0	
2.571	             0	      0.308457	
2.893	             0	      0.308457	
3.214	             0	             0	
3.536	             0	             0	
3.857	             0	             0	
4.179	      0.488829	             0	
4.500	      0.488829	             0	
4.821	      0.465187	       0.70711	
5.143	      0.465187	       0.70711	
5.464	             0	      0.173391	
5.786	             0	      0.173391	
6.107	        1.2103	      0.360562	
6.429	        1.2103	      0.360562	
6.750	      0.167306	      0.278392	
7.071	      0.167306	      0.278392	
7.393	      0.533728	             0	
7.714	      0.533728	             0	
8.036	      0.533728	             0	
8.357	      0.648601	             0	
8.679	      0.648601	             0	
9.000	       1.07343	             0	
9.321	       1.07343	             0	
9.643	      0.132345	             0	
9.964	      0.132345	             0	
10.286	       1.41337	             0	
10.607	       1.41337	             0	
10.929	      0.140478	             0	
11.250	      0.140478	             0	
11.571	      0.140478	             0	
11.893	             0	             0	
12.214	             0	             0	
12.536	      0.297241	             0	
12.857	      0.297241	             0	
13.179	      0.577465	             0	
13.500	      0.577465	             0	
13.821	      0.565935	             0	
14.143	      0.565935	             0	
14.464	      0.304417	             0	
14.786	      0.304417	             0	
15.107	      0.304417	             0	
15.429	      0.612693	             0	
15.750	      0.612693	             0	
16.071	      0.804368	             0	
16.393	      0.804368	             0	
16.714	      0.608006	             0	
17.036	      0.608006	             0	
17.357	       0.33545	      0.278216	
17.679	       0.33545	      0.278216	
18.000	      0.481527	      0.137879	
18.321	      0.481527	      0.137879	
18.643	      0.458132	             0	
18.964	      0.458132	             0	
19.286	      0.458132	             0	
19.607	       1.80698	             0	
19.929	       1.80698	             0	
20.250	      0.759944	             0	
20.571	      0.759944	             0	
20.893	      0.782375	      0.185367	
21.214	      0.782375	      0.185367	
21.536	      0.563462	       0.63524	
21.857	      0.563462	       0.63524	
22.179	       1.55988	      0.177423	
22.500	       1.55988	      0.177423	
22.821	       1.55988	      0.177423	
23.143	      0.827505	             0	
23.464	      0.827505	             0	
23.786	      0.298946	             0	
24.107	      0.298946	             0	
24.429	      0.291313	             0	
24.750	      0.291313	             0	
25.071	       0.30978	      0.282932	
25.393	       0.30978	      0.282932	
25.714	      0.183736	             0	
26.036	      0.183736	             0	
26.357	      0.183736	             0	
26.679	      0.884121	      0.320424	
27.000	      0.884121	      0.320424	
27.321	      0.522661	       0.11705	
27.643	      0.522661	       0.11705	
27.964	       1.02016	             0	
28.286	       1.02016	             0	
28.607	      0.332957	             0	
28.929	      0.332957	             0	
29.250	      0.186709	             0	
29.571	      0.186709	             0	
29.893	      0.374195	             0	
30.214	      0.374195	             0	
30.536	      0.374195	             0	
30.857	      0.374751	             0	
31.179	      0.374751	             0	
31.500	      0.751381	     0.0620407	
31.821	      0.751381	     0.0620407	
32.143	       1.12999	             0	
32.464	       1.12999	             0	
32.786	             0	             0	
33.107	             0	             0	
33.429	             0	             0	
33.750	             0	             0	
34.071	             0	             0	
34.393	      0.189217	      0.280542	
34.714	      0.189217	      0.280542	
35.036	      0.189281	             0	
35.357	      0.189281	             0	
35.679	      0.618334	             0	
36.000	      0.618334	             0	
36.321	             0	             0	
36.643	             0	             0	
36.964	      0.189811	      0.319858	
37.286	      0.189811	      0.319858	
37.607	      0.189811	      0.319858	
37.929	      0.656182	             0	
38.250	      0.656182	             0	
38.571	      0.540806	      0.119291	
38.893	      0.540806	      0.119291	
39.214	      0.909104	             0	
39.536	      0.909104	             0	
39.857	       1.25116	             0	
40.179	       1.25116	             0	
40.500	      0.111633	             0	
40.821	      0.111633	             0	
41.143	      0.379573	             0	
41.464	      0.379573	             0	
41.786	      0.379573	             0	
42.107	             0	             0	
42.429	             0	             0	
42.750	      0.378932	             0	
43.071	      0.378932	             0	
43.393	             0	             0	
43.714	             0	             0	
44.036	      0.377904	             0	
44.357	      0.377904	             0	
44.679	             0	             0	
45.000	             0	             0	
45.321	             0	             0	
45.643	       546.807	             0	
45.964	       546.807	             0	
46.286	       3.04413	      0.238184	
46.607	       3.04413	      0.238184	
46.929	       2.08471	             0	
47.250	       2.08471	             0	
47.571	       3.05673	             0	
47.893	       3.05673	             0	
48.214	       2.10346	             0	
48.536	       2.10346	             0	
48.857	       2.10346	             0	
49.179	       4.58254	             0	
49.500	       4.58254	             0	
49.821	       1.92368	             0	
50.143	       1.92368	             0	
50.464	       4.40764	             0	
50.786	       4.40764	             0	
51.107	       4.14482	             0	
51.429	       4.14482	             0	
51.750	        5.0079	             0	
52.071	        5.0079	             0	
52.393	      0.217075	             0	
52.714	      0.217075	             0	
53.036	      0.217075	             0	
53.357	       5.97846	             0	
53.679	       5.97846	             0	
54.000	       5.98354	             0	
54.321	       5.98354	             0	
54.643	       6.16001	             0	
54.964	       6.16001	             0	
55.286	       3.07973	             0	
55.607	       3.07973	             0	
55.929	       3.87554	             0	
56.250	       3.87554	             0	
56.571	       3.87554	             0	
56.893	       11.6315	             0	
57.214	       11.6315	             0	
57.536	       4.84784	             0	
57.857	       4.84784	             0	
58.179	        13.577	             0	
58.500	        13.577	             0	
58.821	       4.84972	             0	
59.143	       4.84972	             0	
59.464	       1.94009	             0	
59.786	       1.94009	             0	
60.107	       1.94009	             0	
60.429	       11.6426	             0	
60.750	       11.6426	             0	
61.071	        6.7922	             0	
61.393	        6.7922	             0	
61.714	       1.94083	             0	
62.036	       1.94083	             0	
62.357	       8.73408	             0	
62.679	       8.73408	             0	
63.000	       5.82303	             0	
63.321	       5.82303	             0	
63.643	       17.4701	             0	
63.964	       17.4701	             0	
64.286	       17.4701	             0	
64.607	         4.853	             0	
64.929	         4.853	             0	
65.250	       3.88259	             0	
65.571	       3.88259	             0	
65.893	       6.79486	             0	
66.214	       6.79486	             0	
66.536	       7.76576	             0	
66.857	       7.76576	             0	
67.179	       8.73668	             0	
67.500	       8.73668	             0	
67.821	       8.73668	             0	
68.143	       9.70754	             0	
68.464	       9.70754	             0	
68.786	       4.85376	             0	
69.107	       4.85376	             0	
69.429	       2.91217	             0	
69.750	       2.91217	             0	
70.071	       9.70686	             0	
70.393	       9.70686	             0	
70.714	       5.82367	             0	
71.036	       5.82367	             0	
71.357	       5.82367	             0	
71.679	       5.97794	             0	
72.000	       5.97794	             0	
72.321	      0.970349	             0	
72.643	      0.970349	             0	
72.964	       2.91026	             0	
73.286	       2.91026	             0	
73.607	       7.92874	             0	
73.929	       7.92874	             0	
74.250	       3.87771	             0	
74.571	       3.87771	             0	
74.893	       9.68905	             0	
75.214	       9.68905	             0	
75.536	       9.68905	             0	
75.857	       5.81003	             0	
76.179	       5.81003	             0	
76.500	        3.8705	             0	
76.821	        3.8705	             0	
77.143	             0	             0	
77.464	             0	             0	
77.786	        2.8972	             0	
78.107	        2.8972	             0	
78.429	             0	             0	
78.750	             0	             0	
79.071	             0	             0	
79.393	        6.1195	             0	
79.714	        6.1195	             0	
80.036	        1.9215	             0	
80.357	        1.9215	             0	
80.679	      0.959064	             0	
81.000	      0.959064	             0	
81.321	             0	             0	
81.643	             0	             0	
81.964	      0.955161	             0	
82.286	      0.955161	             0	
82.607	      0.955161	             0	
82.929	             0	             0	
83.250	             0	             0	
83.571	       0.94902	             0	
83.893	       0.94902	             0	
84.214	      0.945536	             0	
84.536	      0.945536	             0	
84.857	       2.03915	             0	
85.179	       2.03915	             0	
85.500	      0.935944	             0	
85.821	      0.935944	             0	
86.143	       1.86437	             0	
86.464	       1.86437	             0	
86.786	       1.86437	             0	
87.107	       2.78245	             0	
87.429	       2.78245	             0	
87.750	             0	             0	
88.071	             0	             0	
88.393	        1.0498	             0	
88.714	        1.0498	             0	
89.036	      0.907435	             0	
89.357	      0.907435	             0	
89.679	             0	             0	
90.000	             0	             0	
90.321	             0	             0	
90.643	             0	             0	
90.964	             0	             0	
91.286	             0	             0	
91.607	             0	             0	
91.929	             0	             0	
92.250	             0	             0	
92.571	      0.202147	             0	
92.893	      0.202147	             0	
93.214	      0.123632	             0	
93.536	      0.123632	             0	
93.857	      0.123632	             0	
94.179	       1.67091	             0	
94.500	       1.67091	             0	
94.821	     0.0506886	             0	
95.143	     0.0506886	             0	
95.464	             0	             0	
95.786	             0	             0	
96.107	       149.679	             0	
96.429	       149.679	             0	
96.750	             0	             0	
97.071	             0	             0	
97.393	             0	             0	
97.714	             0	             0	
98.036	             0	             0	
98.357	             0	             0	
98.679	             0	             0	
99.000	             0	             0	
99.321	             0	             0	
99.643	             0	             0	
99.964	             0	             0	
100.286	             0	             0	
100.607	             0	             0	
100.929	             0	             0	
101.250	             0	             0	
101.571	             0	             0	
101.893	             0	             0	
102.214	             0	             0	
102.536	             0	             0	
102.857	             0	             0	
103.179	             0	             0	
103.500	             0	             0	
103.821	             0	             0	
104.143	             0	             0	
104.464	             0	             0	
104.786	             0	             0	
105.107	             0	             0	
105.429	             0	             0	
105.750	             0	             0	
106.071	             0	             0	
106.393	             0	             0	
106.714	             0	             0	
107.036	             0	             0	
107.357	             0	             0	
107.679	             0	             0	
108.000	             0	             0	
108.321	             0	             0	
108.643	             0	             0	
108.964	             0	             0	
109.286	             0	             0	
109.607	             0	             0	
109.929	             0	             0	
110.250	             0	             0	
110.571	             0	             0	
110.893	             0	             0	
111.214	             0	             0	
111.536	             0	             0	
111.857	             0	             0	
112.179	             0	             0	
112.500	             0	             0	
112.821	             0	             0	
113.143	             0	             0	
113.464	             0	             0	
113.786	             0	             0	
114.107	             0	             0	
114.429	             0	             0	
114.750	             0	             0	
115.071	             0	             0	
115.393	             0	             0	
115.714	             0	             0	
116.036	             0	             0	
116.357	             0	             0	
116.679	             0	             0	
117.000	             0	             0	
117.321	             0	             0	
117.643	             0	             0	
117.964	             0	             0	
118.286	             0	             0	
118.607	             0	             0	
118.929	             0	             0	
119.250	             0	             0	
119.571	             0	             0	
119.893	             0	             0	
120.214	             0	             0	
120.536	             0	             0	
120.857	             0	             0	
121.179	             0	             0	
121.500	             0	             0	
121.821	             0	             0	
122.143	             0	             0	
122.464	             0	             0	
122.786	             0	             0	
123.107	             0	             0	
123.429	             0	             0	
123.750	             0	             0	
124.071	             0	             0	
124.393	             0	             0	
124.714	             0	             0	
125.036	             0	             0	
125.357	             0	             0	
125.679	             0	             0	
126.000	             0	             0	
126.321	             0	             0	
126.643	             0	             0	
126.964	             0	             0	
127.286	             0	             0	
127.607	             0	             0	
127.929	             0	             0	
128.250	             0	             0	
128.571	             0	             0	
128.893	             0	             0	
129.214	             0	             0	
129.536	             0	             0	
129.857	             0	             0	
130.179	             0	             0	
130.500	             0	             0	
130.821	             0	             0	
131.143	             0	             0	
131.464	             0	             0	
131.786	             0	             0	
132.107	             0	             0	
132.429	             0	             0	
132.750	             0	             0	
133.071	             0	             0	
133.393	             0	             0	
133.714	             0	             0	
134.036	             0	             0	
134.357	             0	             0	
134.679	             0	             0	
135.000	             0	             0	
135.321	             0	             0	
135.643	             0	             0	
135.964	             0	             0	
136.286	             0	             0	
136.607	             0	             0	
136.929	             0	             0	
137.250	             0	             0	
137.571	             0	             0	
137.893	             0	             0	
138.214	             0	             0	
138.536	             0	             0	
138.857	             0	             0	
139.179	             0	             0	
139.500	             0	             0	
139.821	             0	             0	
140.143	             0	             0	
140.464	             0	             0	
140.786	             0	             0	
141.107	             0	             0	
141.429	             0	             0	
141.750	             0	             0	
142.071	             0	             0	
142.393	             0	             0	
142.714	             0	             0	
143.036	             0	             0	
143.357	             0	             0	
143.679	             0	             0	
144.000	             0	             0	
144.321	             0	             0	
144.643	             0	             0	
144.964	             0	             0	
145.286	             0	             0	
145.607	             0	             0	
145.929	             0	             0	
146.250	             0	             0	
146.571	             0	             0	
146.893	             0	             0	
147.214	             0	             0	
147.536	             0	             0	
147.857	             0	             0	
148.179	             0	             0	
148.500	             0	             0	
148.821	             0	             0	
149.143	             0	             0	
149.464	             0	             0	
149.786	             0	             0	
150.107	             0	             0	
150.429	             0	             0	
150.750	             0	             0	
151.071	             0	             0	
151.393	             0	             0	
151.714	             0	             0	
152.036	             0	             0	
152.357	             0	             0	
152.679	             0	             0	
153.000	             0	             0	
153.321	             0	             0	
153.643	             0	             0	
153.964	             0	             0	
154.286	             0	             0	
154.607	             0	             0	
154.929	             0	             0	
155.250	             0	             0	
155.571	             0	             0	
155.893	             0	             0	
156.214	             0	             0	
156.536	             0	             0	
156.857	             0	             0	
157.179	             0	             0	
157.500	             0	             0	
157.821	             0	             0	
158.143	             0	             0	
158.464	             0	             0	
158.786	             0	             0	
159.107	             0	             0	
159.429	             0	             0	
159.750	             0	             0	
160.071	             0	             0	
160.393	             0	             0	
160.714	             0	             0	
161.036	             0	             0	
161.357	             0	             0	
161.679	             0	             0	
162.000	             0	             0	
162.321	             0	             0	
162.643	             0	             0	
162.964	             0	             0	
163.286	             0	             0	
163.607	             0	             0	
163.929	             0	             0	
164.250	             0	             0	
164.571	             0	             0	
164.893	             0	             0	
165.214	             0	             0	
165.536	             0	             0	
165.857	             0	             0	
166.179	             0	             0	
166.500	             0	             0	
166.821	             0	             0	
167.143	             0	             0	
167.464	             0	             0	
167.786	             0	             0	
168.107	             0	             0	
168.429	             0	             0	
168.750	             0	             0	
169.071	             0	             0	
169.393	             0	             0	
169.714	             0	             0	
170.036	             0	             0	
170.357	             0	             0	
170.679	             0	             0	
171.000	             0	             0	
171.321	             0	             0	
171.643	             0	             0	
171.964	             0	             0	
172.286	             0	             0	
172.607	             0	             0	
172.929	             0	             0	
173.250	             0	             0	
173.571	             0	             0	
173.893	             0	             0	
174.214	             0	             0	
174.536	             0	             0	
174.857	             0	             0	
175.179	             0	             0	
175.500	             0	             0	
175.821	             0	             0	
176.143	             0	             0	
176.464	             0	             0	
176.786	             0	             0	
177.107	             0	             0	
177.429	             0	             0	
177.750	             0	             0	
178.071	             0	             0	
178.393	             0	             0	
178.714	             0	             0	
179.036	             0	             0	
179.357	             0	             0	
179.679	             0	             0	
180.000	             0	             0	
