
TracePro Release: 3 2 0 
Polar Candela Distribution Data for 
Data covers +/- 180.000 degrees from Normal
Data for Missed Rays
Data generated at 03:22:53 September 02, 2025

	   0.0	 180.0
0.000	             0	             0	
0.321	             0	             0	
0.643	             0	       1.08209	
0.964	             0	       1.08209	
1.286	             0	             0	
1.607	             0	             0	
1.929	             0	      0.485248	
2.250	             0	      0.485248	
2.571	             0	             0	
2.893	             0	             0	
3.214	             0	             0	
3.536	             0	             0	
3.857	             0	             0	
4.179	             0	      0.428151	
4.500	             0	      0.428151	
4.821	             0	             0	
5.143	             0	             0	
5.464	             0	      0.399992	
5.786	             0	      0.399992	
6.107	             0	      0.783338	
6.429	             0	      0.783338	
6.750	             0	      0.745669	
7.071	             0	      0.745669	
7.393	             0	      0.716454	
7.714	             0	      0.716454	
8.036	             0	      0.716454	
8.357	             0	      0.688842	
8.679	             0	      0.688842	
9.000	             0	       2.00397	
9.321	             0	       2.00397	
9.643	       310.314	      0.322041	
9.964	       310.314	      0.322041	
10.286	       9.81831	             0	
10.607	       9.81831	             0	
10.929	        3.8146	      0.292312	
11.250	        3.8146	      0.292312	
11.571	        3.8146	      0.292312	
11.893	       5.19035	      0.559149	
12.214	       5.19035	      0.559149	
12.536	       4.64348	      0.550556	
12.857	       4.64348	      0.550556	
13.179	       4.04269	       0.26283	
13.500	       4.04269	       0.26283	
13.821	       5.49855	             0	
14.143	       5.49855	             0	
14.464	       9.06057	      0.239463	
14.786	       9.06057	      0.239463	
15.107	       9.06057	      0.239463	
15.429	       2.81714	             0	
15.750	       2.81714	             0	
16.071	        4.2718	       0.22218	
16.393	        4.2718	       0.22218	
16.714	       15.8086	      0.215341	
17.036	       15.8086	      0.215341	
17.357	       3.62566	      0.207901	
17.679	       3.62566	      0.207901	
18.000	        5.1097	      0.396937	
18.321	        5.1097	      0.396937	
18.643	       5.85844	      0.191587	
18.964	       5.85844	      0.191587	
19.286	       5.85844	      0.191587	
19.607	       8.81717	      0.183753	
19.929	       8.81717	      0.183753	
20.250	       6.62777	       1.43478	
20.571	       6.62777	       1.43478	
20.893	       8.84414	      0.349237	
21.214	       8.84414	      0.349237	
21.536	       3.68245	      0.659917	
21.857	       3.68245	      0.659917	
22.179	        2.9435	      0.322063	
22.500	        2.9435	      0.322063	
22.821	        2.9435	      0.322063	
23.143	       6.59372	      0.612496	
23.464	       6.59372	      0.612496	
23.786	        2.9196	             0	
24.107	        2.9196	             0	
24.429	        2.8986	      0.143923	
24.750	        2.8986	      0.143923	
25.071	        7.2139	      0.138613	
25.393	        7.2139	      0.138613	
25.714	       5.71271	       0.13287	
26.036	       5.71271	       0.13287	
26.357	       5.71271	       0.13287	
26.679	       4.24661	      0.261175	
27.000	       4.24661	      0.261175	
27.321	       5.60862	      0.126074	
27.643	       5.60862	      0.126074	
27.964	        11.059	      0.964238	
28.286	        11.059	      0.964238	
28.607	       2.04616	      0.230039	
28.929	       2.04616	      0.230039	
29.250	       4.03191	      0.444506	
29.571	       4.03191	      0.444506	
29.893	       7.86774	      0.324153	
30.214	       7.86774	      0.324153	
30.536	       7.86774	      0.324153	
30.857	       3.21114	      0.204824	
31.179	       3.21114	      0.204824	
31.500	       2.50269	       0.19867	
31.821	       2.50269	       0.19867	
32.143	       3.68192	     0.0955942	
32.464	       3.68192	     0.0955942	
32.786	       1.77679	      0.208134	
33.107	       1.77679	      0.208134	
33.429	       2.32525	       0.91402	
33.750	       2.32525	       0.91402	
34.071	       2.32525	       0.91402	
34.393	        1.1127	      0.568169	
34.714	        1.1127	      0.568169	
35.036	       1.62156	      0.410364	
35.357	       1.62156	      0.410364	
35.679	       2.03017	      0.492597	
36.000	       2.03017	      0.492597	
36.321	      0.958032	      0.314328	
36.643	      0.958032	      0.314328	
36.964	      0.902389	      0.536632	
37.286	      0.902389	      0.536632	
37.607	      0.902389	      0.536632	
37.929	        1.6583	      0.231096	
38.250	        1.6583	      0.231096	
38.571	      0.774851	      0.519425	
38.893	      0.774851	      0.519425	
39.214	       2.13292	      0.520037	
39.536	       2.13292	      0.520037	
39.857	      0.291412	       146.222	
40.179	      0.291412	       146.222	
40.500	      0.261395	       4.10295	
40.821	      0.261395	       4.10295	
41.143	      0.391951	       4.38446	
41.464	      0.391951	       4.38446	
41.786	      0.391951	       4.38446	
42.107	             0	       3.39537	
42.429	             0	       3.39537	
42.750	             0	     0.0600599	
43.071	             0	     0.0600599	
43.393	             0	      0.230389	
43.714	             0	      0.230389	
44.036	             0	       1.44896	
44.357	             0	       1.44896	
44.679	             0	       2.43519	
45.000	             0	       2.43519	
45.321	             0	       2.43519	
45.643	             0	      0.675987	
45.964	             0	      0.675987	
46.286	             0	      0.967219	
46.607	             0	      0.967219	
46.929	             0	      0.462175	
47.250	             0	      0.462175	
47.571	             0	             0	
47.893	             0	             0	
48.214	             0	             0	
48.536	             0	             0	
48.857	             0	             0	
49.179	             0	             0	
49.500	             0	             0	
49.821	             0	             0	
50.143	             0	             0	
50.464	             0	             0	
50.786	             0	             0	
51.107	             0	             0	
51.429	             0	             0	
51.750	             0	             0	
52.071	             0	             0	
52.393	             0	             0	
52.714	             0	             0	
53.036	             0	             0	
53.357	             0	             0	
53.679	             0	             0	
54.000	             0	      0.819113	
54.321	             0	      0.819113	
54.643	             0	      0.318136	
54.964	             0	      0.318136	
55.286	             0	             0	
55.607	             0	             0	
55.929	             0	             0	
56.250	             0	             0	
56.571	             0	             0	
56.893	             0	             0	
57.214	             0	             0	
57.536	             0	             0	
57.857	             0	             0	
58.179	             0	             0	
58.500	             0	             0	
58.821	             0	             0	
59.143	             0	             0	
59.464	             0	             0	
59.786	             0	             0	
60.107	             0	             0	
60.429	             0	             0	
60.750	             0	             0	
61.071	             0	             0	
61.393	             0	             0	
61.714	             0	             0	
62.036	             0	             0	
62.357	             0	             0	
62.679	             0	             0	
63.000	             0	             0	
63.321	             0	             0	
63.643	             0	             0	
63.964	             0	             0	
64.286	             0	             0	
64.607	             0	             0	
64.929	             0	             0	
65.250	             0	             0	
65.571	             0	             0	
65.893	             0	             0	
66.214	             0	             0	
66.536	             0	             0	
66.857	             0	             0	
67.179	      0.202819	             0	
67.500	      0.202819	             0	
67.821	      0.202819	             0	
68.143	             0	             0	
68.464	             0	             0	
68.786	             0	             0	
69.107	             0	             0	
69.429	             0	             0	
69.750	             0	             0	
70.071	             0	             0	
70.393	             0	             0	
70.714	      0.898366	             0	
71.036	      0.898366	             0	
71.357	      0.898366	             0	
71.679	             0	             0	
72.000	             0	             0	
72.321	      0.504278	             0	
72.643	      0.504278	             0	
72.964	             0	             0	
73.286	             0	             0	
73.607	       1.14912	             0	
73.929	       1.14912	             0	
74.250	       1.82725	             0	
74.571	       1.82725	             0	
74.893	       2.53851	             0	
75.214	       2.53851	             0	
75.536	       2.53851	             0	
75.857	       3.27347	             0	
76.179	       3.27347	             0	
76.500	      0.694795	             0	
76.821	      0.694795	             0	
77.143	       2.12636	             0	
77.464	       2.12636	             0	
77.786	      0.723908	             0	
78.107	      0.723908	             0	
78.429	      0.746981	             0	
78.750	      0.746981	             0	
79.071	      0.746981	             0	
79.393	       3.06969	             0	
79.714	       3.06969	             0	
80.036	       3.14732	             0	
80.357	       3.14732	             0	
80.679	       4.83796	             0	
81.000	       4.83796	             0	
81.321	       4.10132	             0	
81.643	       4.10132	             0	
81.964	       1.66447	             0	
82.286	       1.66447	             0	
82.607	       1.66447	             0	
82.929	       3.37576	             0	
83.250	       3.37576	             0	
83.571	         4.292	             0	
83.893	         4.292	             0	
84.214	       5.21844	             0	
84.536	       5.21844	             0	
84.857	       3.51252	             0	
85.179	       3.51252	             0	
85.500	       2.65972	             0	
85.821	       2.65972	             0	
86.143	       8.97416	             0	
86.464	       8.97416	             0	
86.786	       8.97416	             0	
87.107	       7.24343	             0	
87.429	       7.24343	             0	
87.750	       6.40109	             0	
88.071	       6.40109	             0	
88.393	       12.8763	             0	
88.714	       12.8763	             0	
89.036	       2.77723	             0	
89.357	       2.77723	             0	
89.679	       13.0333	             0	
90.000	       13.0333	             0	
90.321	       13.0333	             0	
90.643	       14.9681	             0	
90.964	       14.9681	             0	
91.286	        14.104	             0	
91.607	        14.104	             0	
91.929	       7.56026	             0	
92.250	       7.56026	             0	
92.571	       8.53647	             0	
92.893	       8.53647	             0	
93.214	       8.56383	             0	
93.536	       8.56383	             0	
93.857	       8.56383	             0	
94.179	        34.361	             0	
94.500	        34.361	             0	
94.821	       21.0546	             0	
95.143	       21.0546	             0	
95.464	       15.3465	             0	
95.786	       15.3465	             0	
96.107	       20.1759	             0	
96.429	       20.1759	             0	
96.750	       14.6385	             0	
97.071	       14.6385	             0	
97.393	       8.45268	             0	
97.714	       8.45268	             0	
98.036	       8.45268	             0	
98.357	       11.2135	             0	
98.679	       11.2135	             0	
99.000	       6.88699	             0	
99.321	       6.88699	             0	
99.643	        5.7893	             0	
99.964	        5.7893	             0	
100.286	       3.37896	             0	
100.607	       3.37896	             0	
100.929	       5.03338	             0	
101.250	       5.03338	             0	
101.571	       5.03338	             0	
101.893	       7.41055	             0	
102.214	       7.41055	             0	
102.536	       4.00501	             0	
102.857	       4.00501	             0	
103.179	       50.7583	             0	
103.500	       50.7583	             0	
103.821	             0	             0	
104.143	             0	             0	
104.464	             0	             0	
104.786	             0	             0	
105.107	             0	             0	
105.429	             0	             0	
105.750	             0	             0	
106.071	             0	             0	
106.393	             0	             0	
106.714	             0	             0	
107.036	             0	             0	
107.357	             0	             0	
107.679	             0	             0	
108.000	             0	             0	
108.321	             0	             0	
108.643	             0	             0	
108.964	             0	             0	
109.286	             0	             0	
109.607	             0	             0	
109.929	             0	             0	
110.250	             0	             0	
110.571	             0	             0	
110.893	             0	             0	
111.214	             0	             0	
111.536	             0	             0	
111.857	             0	             0	
112.179	             0	             0	
112.500	             0	             0	
112.821	             0	             0	
113.143	             0	             0	
113.464	             0	             0	
113.786	             0	             0	
114.107	             0	             0	
114.429	             0	             0	
114.750	             0	             0	
115.071	             0	             0	
115.393	             0	             0	
115.714	             0	             0	
116.036	             0	             0	
116.357	             0	             0	
116.679	             0	             0	
117.000	             0	             0	
117.321	             0	             0	
117.643	             0	             0	
117.964	             0	             0	
118.286	             0	             0	
118.607	             0	             0	
118.929	             0	             0	
119.250	             0	             0	
119.571	             0	             0	
119.893	             0	             0	
120.214	             0	             0	
120.536	             0	             0	
120.857	             0	             0	
121.179	             0	             0	
121.500	             0	             0	
121.821	             0	             0	
122.143	             0	             0	
122.464	             0	             0	
122.786	             0	             0	
123.107	             0	             0	
123.429	             0	             0	
123.750	             0	             0	
124.071	             0	             0	
124.393	             0	             0	
124.714	             0	             0	
125.036	             0	             0	
125.357	             0	             0	
125.679	             0	             0	
126.000	             0	             0	
126.321	             0	             0	
126.643	             0	             0	
126.964	             0	             0	
127.286	             0	             0	
127.607	             0	             0	
127.929	             0	             0	
128.250	             0	             0	
128.571	             0	             0	
128.893	             0	             0	
129.214	             0	             0	
129.536	             0	             0	
129.857	             0	             0	
130.179	             0	             0	
130.500	             0	             0	
130.821	             0	             0	
131.143	             0	             0	
131.464	             0	             0	
131.786	             0	             0	
132.107	             0	             0	
132.429	             0	             0	
132.750	             0	             0	
133.071	             0	             0	
133.393	             0	             0	
133.714	             0	             0	
134.036	             0	             0	
134.357	             0	             0	
134.679	             0	             0	
135.000	             0	             0	
135.321	             0	             0	
135.643	             0	             0	
135.964	             0	             0	
136.286	             0	             0	
136.607	             0	             0	
136.929	             0	             0	
137.250	             0	             0	
137.571	             0	             0	
137.893	             0	             0	
138.214	             0	             0	
138.536	             0	             0	
138.857	             0	             0	
139.179	             0	             0	
139.500	             0	             0	
139.821	             0	             0	
140.143	             0	             0	
140.464	             0	             0	
140.786	             0	             0	
141.107	             0	             0	
141.429	             0	             0	
141.750	             0	             0	
142.071	             0	             0	
142.393	             0	             0	
142.714	             0	             0	
143.036	             0	             0	
143.357	             0	             0	
143.679	             0	             0	
144.000	             0	             0	
144.321	             0	             0	
144.643	             0	             0	
144.964	             0	             0	
145.286	             0	             0	
145.607	             0	             0	
145.929	             0	             0	
146.250	             0	             0	
146.571	             0	             0	
146.893	             0	             0	
147.214	             0	             0	
147.536	             0	             0	
147.857	             0	             0	
148.179	             0	             0	
148.500	             0	             0	
148.821	             0	             0	
149.143	             0	             0	
149.464	             0	             0	
149.786	             0	             0	
150.107	             0	             0	
150.429	             0	             0	
150.750	             0	             0	
151.071	             0	             0	
151.393	             0	             0	
151.714	             0	             0	
152.036	             0	             0	
152.357	             0	             0	
152.679	             0	             0	
153.000	             0	             0	
153.321	             0	             0	
153.643	             0	             0	
153.964	             0	             0	
154.286	             0	             0	
154.607	             0	             0	
154.929	             0	             0	
155.250	             0	             0	
155.571	             0	             0	
155.893	             0	             0	
156.214	             0	             0	
156.536	             0	             0	
156.857	             0	             0	
157.179	             0	             0	
157.500	             0	             0	
157.821	             0	             0	
158.143	             0	             0	
158.464	             0	             0	
158.786	             0	             0	
159.107	             0	             0	
159.429	             0	             0	
159.750	             0	             0	
160.071	             0	             0	
160.393	             0	             0	
160.714	             0	             0	
161.036	             0	             0	
161.357	             0	             0	
161.679	             0	             0	
162.000	             0	             0	
162.321	             0	             0	
162.643	             0	             0	
162.964	             0	             0	
163.286	             0	             0	
163.607	             0	             0	
163.929	             0	             0	
164.250	             0	             0	
164.571	             0	             0	
164.893	             0	             0	
165.214	             0	             0	
165.536	             0	             0	
165.857	             0	             0	
166.179	             0	             0	
166.500	             0	             0	
166.821	             0	             0	
167.143	             0	             0	
167.464	             0	             0	
167.786	             0	             0	
168.107	             0	             0	
168.429	             0	             0	
168.750	             0	             0	
169.071	             0	             0	
169.393	             0	             0	
169.714	             0	             0	
170.036	             0	             0	
170.357	             0	             0	
170.679	             0	             0	
171.000	             0	             0	
171.321	             0	             0	
171.643	             0	             0	
171.964	             0	             0	
172.286	             0	             0	
172.607	             0	             0	
172.929	             0	             0	
173.250	             0	             0	
173.571	             0	             0	
173.893	             0	             0	
174.214	             0	             0	
174.536	             0	             0	
174.857	             0	             0	
175.179	             0	             0	
175.500	             0	             0	
175.821	             0	             0	
176.143	             0	             0	
176.464	             0	             0	
176.786	             0	             0	
177.107	             0	             0	
177.429	             0	             0	
177.750	             0	             0	
178.071	             0	             0	
178.393	             0	             0	
178.714	             0	             0	
179.036	             0	             0	
179.357	             0	             0	
179.679	             0	             0	
180.000	             0	             0	
