
TracePro Release: 3 2 0 
Polar Candela Distribution Data for 
Data covers +/- 180.000 degrees from Normal
Data for Missed Rays
Data generated at 09:21:12 September 02, 2025

	   0.0	 180.0
0.000	       1.09316	       1.09316	
0.321	       1.09316	       1.09316	
0.643	             0	             0	
0.964	             0	             0	
1.286	      0.164991	        14.411	
1.607	      0.164991	        14.411	
1.929	             0	       6.03928	
2.250	             0	       6.03928	
2.571	             0	        7.5149	
2.893	             0	        7.5149	
3.214	             0	       9.06093	
3.536	             0	       9.06093	
3.857	             0	       9.06093	
4.179	      0.638076	       7.92723	
4.500	      0.638076	       7.92723	
4.821	       0.81131	       18.1493	
5.143	       0.81131	       18.1493	
5.464	       1.92321	       6.59023	
5.786	       1.92321	       6.59023	
6.107	      0.941578	       18.1488	
6.429	      0.941578	       18.1488	
6.750	       1.02777	       9.03529	
7.071	       1.02777	       9.03529	
7.393	       3.50862	       24.7776	
7.714	       3.50862	       24.7776	
8.036	       3.50862	       24.7776	
8.357	       2.04331	       362.629	
8.679	       2.04331	       362.629	
9.000	       6.88232	       22.4802	
9.321	       6.88232	       22.4802	
9.643	       2.07105	      0.280829	
9.964	       2.07105	      0.280829	
10.286	       7.27453	      0.373773	
10.607	       7.27453	      0.373773	
10.929	       2.22839	       1.78471	
11.250	       2.22839	       1.78471	
11.571	       2.22839	       1.78471	
11.893	       1.06431	       1.71941	
12.214	       1.06431	       1.71941	
12.536	       1.10343	       6.33656	
12.857	       1.10343	       6.33656	
13.179	       2.49222	             0	
13.500	       2.49222	             0	
13.821	       1.58327	             0	
14.143	       1.58327	             0	
14.464	        3.1751	       0.26542	
14.786	        3.1751	       0.26542	
15.107	        3.1751	       0.26542	
15.429	       2.89523	      0.468898	
15.750	       2.89523	      0.468898	
16.071	       2.19907	             0	
16.393	       2.19907	             0	
16.714	       1.17732	      0.212647	
17.036	       1.17732	      0.212647	
17.357	       1.78613	             0	
17.679	       1.78613	             0	
18.000	       3.30081	      0.197539	
18.321	       3.30081	      0.197539	
18.643	       2.26509	             0	
18.964	       2.26509	             0	
19.286	       2.26509	             0	
19.607	       3.92639	       0.18857	
19.929	       3.92639	       0.18857	
20.250	       1.20021	       2.31647	
20.571	       1.20021	       2.31647	
20.893	        4.3594	             0	
21.214	        4.3594	             0	
21.536	       4.12351	      0.335281	
21.857	       4.12351	      0.335281	
22.179	       5.70022	      0.160338	
22.500	       5.70022	      0.160338	
22.821	       5.70022	      0.160338	
23.143	        1.9746	       0.70955	
23.464	        1.9746	       0.70955	
23.786	       3.30635	      0.149145	
24.107	       3.30635	      0.149145	
24.429	       2.53014	      0.429277	
24.750	       2.53014	      0.429277	
25.071	       1.51865	      0.280148	
25.393	       1.51865	      0.280148	
25.714	      0.989248	      0.133528	
26.036	      0.989248	      0.133528	
26.357	      0.989248	      0.133528	
26.679	       2.83877	      0.575915	
27.000	       2.83877	      0.575915	
27.321	       1.33328	      0.125461	
27.643	       1.33328	      0.125461	
27.964	       3.82003	      0.235794	
28.286	       3.82003	      0.235794	
28.607	       9.08751	       1.79671	
28.929	       9.08751	       1.79671	
29.250	       4.32883	       6.62938	
29.571	       4.32883	       6.62938	
29.893	       6.77735	       1.35364	
30.214	       6.77735	       1.35364	
30.536	       6.77735	       1.35364	
30.857	             0	        4.0619	
31.179	             0	        4.0619	
31.500	       3.72565	      0.321086	
31.821	       3.72565	      0.321086	
32.143	       4.89394	      0.309397	
32.464	       4.89394	      0.309397	
32.786	       2.92318	       43.6547	
33.107	       2.92318	       43.6547	
33.429	       4.08175	       2.57445	
33.750	       4.08175	       2.57445	
34.071	       4.08175	       2.57445	
34.393	       2.04925	       29.2471	
34.714	       2.04925	       29.2471	
35.036	       3.32765	       16.8369	
35.357	       3.32765	       16.8369	
35.679	             0	       30.8317	
36.000	             0	       30.8317	
36.321	       1.05919	       8.57142	
36.643	       1.05919	       8.57142	
36.964	       1.00555	       18.3107	
37.286	       1.00555	       18.3107	
37.607	       1.00555	       18.3107	
37.929	       1.91373	       5.07711	
38.250	       1.91373	       5.07711	
38.571	       1.00933	      0.617968	
38.893	       1.00933	      0.617968	
39.214	       1.79831	       1.05435	
39.536	       1.79831	       1.05435	
39.857	       0.36346	          1.21	
40.179	       0.36346	          1.21	
40.500	      0.753988	       1.18211	
40.821	      0.753988	       1.18211	
41.143	      0.625469	       1.44464	
41.464	      0.625469	       1.44464	
41.786	      0.625469	       1.44464	
42.107	      0.268547	       2.23768	
42.429	      0.268547	       2.23768	
42.750	      0.568036	       1.29258	
43.071	      0.568036	       1.29258	
43.393	       1.25855	       1.22838	
43.714	       1.25855	       1.22838	
44.036	      0.888548	       2.04679	
44.357	      0.888548	       2.04679	
44.679	      0.344333	       1.19246	
45.000	      0.344333	       1.19246	
45.321	      0.344333	       1.19246	
45.643	             0	      0.684803	
45.964	             0	      0.684803	
46.286	             0	       1.15154	
46.607	             0	       1.15154	
46.929	             0	      0.341926	
47.250	             0	      0.341926	
47.571	             0	      0.355438	
47.893	             0	      0.355438	
48.214	             0	      0.482386	
48.536	             0	      0.482386	
48.857	             0	      0.482386	
49.179	             0	             0	
49.500	             0	             0	
49.821	             0	             0	
50.143	             0	             0	
50.464	             0	       0.16294	
50.786	             0	       0.16294	
51.107	             0	      0.266629	
51.429	             0	      0.266629	
51.750	             0	             0	
52.071	             0	             0	
52.393	             0	             0	
52.714	             0	             0	
53.036	             0	             0	
53.357	             0	     0.0718272	
53.679	             0	     0.0718272	
54.000	             0	             0	
54.321	             0	             0	
54.643	             0	      0.266275	
54.964	             0	      0.266275	
55.286	             0	             0	
55.607	             0	             0	
55.929	             0	      0.317593	
56.250	             0	      0.317593	
56.571	             0	      0.317593	
56.893	             0	     0.0600808	
57.214	             0	     0.0600808	
57.536	             0	       0.11565	
57.857	             0	       0.11565	
58.179	             0	     0.0565485	
58.500	             0	     0.0565485	
58.821	             0	      0.110821	
59.143	             0	      0.110821	
59.464	             0	     0.0537621	
59.786	             0	     0.0537621	
60.107	             0	     0.0537621	
60.429	             0	             0	
60.750	             0	             0	
61.071	             0	             0	
61.393	             0	             0	
61.714	             0	             0	
62.036	             0	             0	
62.357	             0	             0	
62.679	             0	             0	
63.000	             0	             0	
63.321	             0	             0	
63.643	             0	             0	
63.964	             0	             0	
64.286	             0	             0	
64.607	      0.181456	             0	
64.929	      0.181456	             0	
65.250	             0	             0	
65.571	             0	             0	
65.893	             0	             0	
66.214	             0	             0	
66.536	      0.221672	             0	
66.857	      0.221672	             0	
67.179	             0	             0	
67.500	             0	             0	
67.821	             0	             0	
68.143	             0	      0.784896	
68.464	             0	      0.784896	
68.786	             0	      0.681645	
69.107	             0	      0.681645	
69.429	             0	      0.815537	
69.750	             0	      0.815537	
70.071	             0	       1.79057	
70.393	             0	       1.79057	
70.714	             0	       2.54091	
71.036	             0	       2.54091	
71.357	             0	       2.54091	
71.679	             0	      0.848003	
72.000	             0	      0.848003	
72.321	             0	      0.200825	
72.643	             0	      0.200825	
72.964	             0	       1.42226	
73.286	             0	       1.42226	
73.607	             0	      0.423278	
73.929	             0	      0.423278	
74.250	             0	             0	
74.571	             0	             0	
74.893	             0	      0.568043	
75.214	             0	      0.568043	
75.536	             0	      0.568043	
75.857	             0	        2.5687	
76.179	             0	        2.5687	
76.500	             0	       63.2762	
76.821	             0	       63.2762	
77.143	             0	     0.0584468	
77.464	             0	     0.0584468	
77.786	             0	      0.109706	
78.107	             0	      0.109706	
78.429	             0	      0.212807	
78.750	             0	      0.212807	
79.071	             0	      0.212807	
79.393	             0	      0.207125	
79.714	             0	      0.207125	
80.036	             0	             0	
80.357	             0	             0	
80.679	       1.28123	             0	
81.000	       1.28123	             0	
81.321	      0.446295	             0	
81.643	      0.446295	             0	
81.964	      0.500264	             0	
82.286	      0.500264	             0	
82.607	      0.500264	             0	
82.929	       2.09489	             0	
83.250	       2.09489	             0	
83.571	             0	             0	
83.893	             0	             0	
84.214	             0	             0	
84.536	             0	             0	
84.857	             0	             0	
85.179	             0	             0	
85.500	             0	             0	
85.821	             0	             0	
86.143	             0	             0	
86.464	             0	             0	
86.786	             0	             0	
87.107	       0.69907	             0	
87.429	       0.69907	             0	
87.750	      0.720139	             0	
88.071	      0.720139	             0	
88.393	      0.751941	             0	
88.714	      0.751941	             0	
89.036	      0.773467	             0	
89.357	      0.773467	             0	
89.679	      0.788383	             0	
90.000	      0.788383	             0	
90.321	      0.788383	             0	
90.643	       1.59448	             0	
90.964	       1.59448	             0	
91.286	       1.62736	             0	
91.607	       1.62736	             0	
91.929	       1.66128	             0	
92.250	       1.66128	             0	
92.571	       4.21666	             0	
92.893	       4.21666	             0	
93.214	       1.71113	             0	
93.536	       1.71113	             0	
93.857	       1.71113	             0	
94.179	       3.46983	             0	
94.500	       3.46983	             0	
94.821	      0.879445	             0	
95.143	      0.879445	             0	
95.464	       2.66305	             0	
95.786	       2.66305	             0	
96.107	       6.78336	             0	
96.429	       6.78336	             0	
96.750	        2.2993	             0	
97.071	        2.2993	             0	
97.393	       2.63364	             0	
97.714	       2.63364	             0	
98.036	       2.63364	             0	
98.357	       11.7848	             0	
98.679	       11.7848	             0	
99.000	       7.34328	             0	
99.321	       7.34328	             0	
99.643	       3.12759	             0	
99.964	       3.12759	             0	
100.286	       8.11818	             0	
100.607	       8.11818	             0	
100.929	       6.93101	             0	
101.250	       6.93101	             0	
101.571	       6.93101	             0	
101.893	       10.1874	             0	
102.214	       10.1874	             0	
102.536	       5.77057	             0	
102.857	       5.77057	             0	
103.179	       3.28926	             0	
103.500	       3.28926	             0	
103.821	       4.07082	             0	
104.143	       4.07082	             0	
104.464	       3.27744	             0	
104.786	       3.27744	             0	
105.107	       3.27744	             0	
105.429	       4.00408	             0	
105.750	       4.00408	             0	
106.071	       1.00843	             0	
106.393	       1.00843	             0	
106.714	        1.8521	             0	
107.036	        1.8521	             0	
107.357	       0.81008	             0	
107.679	       0.81008	             0	
108.000	      0.911552	             0	
108.321	      0.911552	             0	
108.643	      0.913827	             0	
108.964	      0.913827	             0	
109.286	      0.913827	             0	
109.607	       2.63381	             0	
109.929	       2.63381	             0	
110.250	      0.745365	             0	
110.571	      0.745365	             0	
110.893	       1.09855	             0	
111.214	       1.09855	             0	
111.536	      0.736718	             0	
111.857	      0.736718	             0	
112.179	       0.62426	             0	
112.500	       0.62426	             0	
112.821	       0.62426	             0	
113.143	             0	             0	
113.464	             0	             0	
113.786	             0	             0	
114.107	             0	             0	
114.429	             0	             0	
114.750	             0	             0	
115.071	             0	             0	
115.393	             0	             0	
115.714	             0	             0	
116.036	             0	             0	
116.357	             0	             0	
116.679	             0	             0	
117.000	             0	             0	
117.321	             0	             0	
117.643	             0	             0	
117.964	             0	             0	
118.286	             0	             0	
118.607	             0	             0	
118.929	             0	             0	
119.250	             0	             0	
119.571	             0	             0	
119.893	             0	             0	
120.214	             0	             0	
120.536	             0	             0	
120.857	             0	             0	
121.179	             0	             0	
121.500	             0	             0	
121.821	             0	             0	
122.143	             0	             0	
122.464	             0	             0	
122.786	             0	             0	
123.107	             0	             0	
123.429	             0	             0	
123.750	             0	             0	
124.071	             0	             0	
124.393	             0	             0	
124.714	             0	             0	
125.036	             0	             0	
125.357	             0	             0	
125.679	             0	             0	
126.000	             0	             0	
126.321	             0	             0	
126.643	             0	             0	
126.964	             0	             0	
127.286	             0	             0	
127.607	             0	             0	
127.929	             0	             0	
128.250	             0	             0	
128.571	             0	             0	
128.893	             0	             0	
129.214	             0	             0	
129.536	             0	             0	
129.857	             0	             0	
130.179	             0	             0	
130.500	             0	             0	
130.821	             0	             0	
131.143	             0	             0	
131.464	             0	             0	
131.786	             0	             0	
132.107	             0	             0	
132.429	             0	             0	
132.750	             0	             0	
133.071	             0	             0	
133.393	             0	             0	
133.714	             0	             0	
134.036	             0	             0	
134.357	             0	             0	
134.679	             0	             0	
135.000	             0	             0	
135.321	             0	             0	
135.643	             0	             0	
135.964	             0	             0	
136.286	             0	             0	
136.607	             0	             0	
136.929	             0	             0	
137.250	             0	             0	
137.571	             0	             0	
137.893	             0	             0	
138.214	             0	             0	
138.536	             0	             0	
138.857	             0	             0	
139.179	             0	             0	
139.500	             0	             0	
139.821	             0	             0	
140.143	             0	             0	
140.464	             0	             0	
140.786	             0	             0	
141.107	             0	             0	
141.429	             0	             0	
141.750	             0	             0	
142.071	             0	             0	
142.393	             0	             0	
142.714	             0	             0	
143.036	             0	             0	
143.357	             0	             0	
143.679	             0	             0	
144.000	             0	             0	
144.321	             0	             0	
144.643	             0	             0	
144.964	             0	             0	
145.286	             0	             0	
145.607	             0	             0	
145.929	             0	             0	
146.250	             0	             0	
146.571	             0	             0	
146.893	             0	             0	
147.214	             0	             0	
147.536	             0	             0	
147.857	             0	             0	
148.179	             0	             0	
148.500	             0	             0	
148.821	             0	             0	
149.143	             0	             0	
149.464	             0	             0	
149.786	             0	             0	
150.107	             0	             0	
150.429	             0	             0	
150.750	             0	             0	
151.071	             0	             0	
151.393	             0	             0	
151.714	             0	             0	
152.036	             0	             0	
152.357	             0	             0	
152.679	             0	             0	
153.000	             0	             0	
153.321	             0	             0	
153.643	             0	             0	
153.964	             0	             0	
154.286	             0	             0	
154.607	             0	             0	
154.929	             0	             0	
155.250	             0	             0	
155.571	             0	             0	
155.893	             0	             0	
156.214	             0	             0	
156.536	             0	             0	
156.857	             0	             0	
157.179	             0	             0	
157.500	             0	             0	
157.821	             0	             0	
158.143	             0	             0	
158.464	             0	             0	
158.786	             0	             0	
159.107	             0	             0	
159.429	             0	             0	
159.750	             0	             0	
160.071	             0	             0	
160.393	             0	             0	
160.714	             0	             0	
161.036	             0	             0	
161.357	             0	             0	
161.679	             0	             0	
162.000	             0	             0	
162.321	             0	             0	
162.643	             0	             0	
162.964	             0	             0	
163.286	             0	             0	
163.607	             0	             0	
163.929	             0	             0	
164.250	             0	             0	
164.571	             0	             0	
164.893	             0	             0	
165.214	             0	             0	
165.536	             0	             0	
165.857	             0	             0	
166.179	             0	             0	
166.500	             0	             0	
166.821	             0	             0	
167.143	             0	             0	
167.464	             0	             0	
167.786	             0	             0	
168.107	             0	             0	
168.429	             0	             0	
168.750	             0	             0	
169.071	             0	             0	
169.393	             0	             0	
169.714	             0	             0	
170.036	             0	             0	
170.357	             0	             0	
170.679	             0	             0	
171.000	             0	             0	
171.321	             0	             0	
171.643	             0	             0	
171.964	             0	             0	
172.286	             0	             0	
172.607	             0	             0	
172.929	             0	             0	
173.250	             0	             0	
173.571	             0	             0	
173.893	             0	             0	
174.214	             0	             0	
174.536	             0	             0	
174.857	             0	             0	
175.179	             0	             0	
175.500	             0	             0	
175.821	             0	             0	
176.143	             0	             0	
176.464	             0	             0	
176.786	             0	             0	
177.107	             0	             0	
177.429	             0	             0	
177.750	             0	             0	
178.071	             0	             0	
178.393	             0	             0	
178.714	             0	             0	
179.036	             0	             0	
179.357	             0	             0	
179.679	             0	             0	
180.000	             0	             0	
