
TracePro Release: 3 2 0 
Polar Candela Distribution Data for 
Data covers +/- 180.000 degrees from Normal
Data for Missed Rays
Data generated at 08:15:48 September 07, 2025

	   0.0	 180.0
0.000	             0	             0	
0.321	             0	             0	
0.643	             0	      0.444388	
0.964	             0	      0.444388	
1.286	      0.400378	      0.200967	
1.607	      0.400378	      0.200967	
1.929	      0.459625	             0	
2.250	      0.459625	             0	
2.571	      0.676359	     0.0934009	
2.893	      0.676359	     0.0934009	
3.214	             0	             0	
3.536	             0	             0	
3.857	             0	             0	
4.179	      0.794658	             0	
4.500	      0.794658	             0	
4.821	      0.652358	      0.345941	
5.143	      0.652358	      0.345941	
5.464	             0	      0.126985	
5.786	             0	      0.126985	
6.107	        2.0445	      0.961891	
6.429	        2.0445	      0.961891	
6.750	      0.400378	      0.356455	
7.071	      0.400378	      0.356455	
7.393	       705.273	             0	
7.714	       705.273	             0	
8.036	       705.273	             0	
8.357	      0.307748	      0.541904	
8.679	      0.307748	      0.541904	
9.000	       1.21794	       0.68894	
9.321	       1.21794	       0.68894	
9.643	     0.0806569	      0.676769	
9.964	     0.0806569	      0.676769	
10.286	      0.197059	       2.98802	
10.607	      0.197059	       2.98802	
10.929	      0.474175	       1.20615	
11.250	      0.474175	       1.20615	
11.571	      0.474175	       1.20615	
11.893	      0.755542	      0.766758	
12.214	      0.755542	      0.766758	
12.536	      0.161224	       2.29381	
12.857	      0.161224	       2.29381	
13.179	      0.748133	       1.04566	
13.500	      0.748133	       1.04566	
13.821	             0	      0.696244	
14.143	             0	      0.696244	
14.464	             0	       1.39944	
14.786	             0	       1.39944	
15.107	             0	       1.39944	
15.429	      0.377958	             0	
15.750	      0.377958	             0	
16.071	     0.0817556	       0.75854	
16.393	     0.0817556	       0.75854	
16.714	             0	      0.641155	
17.036	             0	      0.641155	
17.357	      0.757858	      0.805812	
17.679	      0.757858	      0.805812	
18.000	     0.0718439	       1.07929	
18.321	     0.0718439	       1.07929	
18.643	             0	      0.716808	
18.964	             0	      0.716808	
19.286	             0	      0.716808	
19.607	      0.134065	       1.79123	
19.929	      0.134065	       1.79123	
20.250	             0	       2.05785	
20.571	             0	       2.05785	
20.893	      0.160708	      0.357132	
21.214	      0.160708	      0.357132	
21.536	             0	      0.225589	
21.857	             0	      0.225589	
22.179	       3.85926	      0.400375	
22.500	       3.85926	      0.400375	
22.821	       3.85926	      0.400375	
23.143	      0.479464	       0.72025	
23.464	      0.479464	       0.72025	
23.786	      0.317207	             0	
24.107	      0.317207	             0	
24.429	      0.413552	             0	
24.750	      0.413552	             0	
25.071	             0	             0	
25.393	             0	             0	
25.714	      0.890815	      0.317093	
26.036	      0.890815	      0.317093	
26.357	      0.890815	      0.317093	
26.679	      0.109306	             0	
27.000	      0.109306	             0	
27.321	      0.667048	      0.400378	
27.643	      0.667048	      0.400378	
27.964	       0.61001	             0	
28.286	       0.61001	             0	
28.607	             0	             0	
28.929	             0	             0	
29.250	      0.208155	             0	
29.571	      0.208155	             0	
29.893	             0	             0	
30.214	             0	             0	
30.536	             0	             0	
30.857	      0.360405	             0	
31.179	      0.360405	             0	
31.500	      0.286989	             0	
31.821	      0.286989	             0	
32.143	      0.626654	             0	
32.464	      0.626654	             0	
32.786	             0	      0.400378	
33.107	             0	      0.400378	
33.429	      0.625723	      0.400378	
33.750	      0.625723	      0.400378	
34.071	      0.625723	      0.400378	
34.393	       0.30639	       1.38782	
34.714	       0.30639	       1.38782	
35.036	      0.312158	             0	
35.357	      0.312158	             0	
35.679	      0.192663	      0.352846	
36.000	      0.192663	      0.352846	
36.321	      0.895881	             0	
36.643	      0.895881	             0	
36.964	             0	             0	
37.286	             0	             0	
37.607	             0	             0	
37.929	      0.671966	             0	
38.250	      0.671966	             0	
38.571	      0.307892	             0	
38.893	      0.307892	             0	
39.214	      0.612188	       194.297	
39.536	      0.612188	       194.297	
39.857	             0	             0	
40.179	             0	             0	
40.500	      0.355854	             0	
40.821	      0.355854	             0	
41.143	       2.88134	             0	
41.464	       2.88134	             0	
41.786	       2.88134	             0	
42.107	             0	             0	
42.429	             0	             0	
42.750	             0	             0	
43.071	             0	             0	
43.393	             0	             0	
43.714	             0	             0	
44.036	             0	             0	
44.357	             0	             0	
44.679	             0	             0	
45.000	             0	             0	
45.321	             0	             0	
45.643	       3.77241	             0	
45.964	       3.77241	             0	
46.286	       1.86596	             0	
46.607	       1.86596	             0	
46.929	       5.64877	             0	
47.250	       5.64877	             0	
47.571	       1.28283	      0.260596	
47.893	       1.28283	      0.260596	
48.214	       0.91871	             0	
48.536	       0.91871	             0	
48.857	       0.91871	             0	
49.179	       1.83068	             0	
49.500	       1.83068	             0	
49.821	      0.195759	             0	
50.143	      0.195759	             0	
50.464	       1.80229	             0	
50.786	       1.80229	             0	
51.107	       3.68788	             0	
51.429	       3.68788	             0	
51.750	      0.889035	             0	
52.071	      0.889035	             0	
52.393	       8.05524	             0	
52.714	       8.05524	             0	
53.036	       8.05524	             0	
53.357	      0.955367	             0	
53.679	      0.955367	             0	
54.000	       3.13852	             0	
54.321	       3.13852	             0	
54.643	       7.22848	             0	
54.964	       7.22848	             0	
55.286	       1.80191	             0	
55.607	       1.80191	             0	
55.929	       4.89761	             0	
56.250	       4.89761	             0	
56.571	       4.89761	             0	
56.893	       7.71926	             0	
57.214	       7.71926	             0	
57.536	       4.99984	             0	
57.857	       4.99984	             0	
58.179	        4.8678	             0	
58.500	        4.8678	             0	
58.821	       3.67198	             0	
59.143	       3.67198	             0	
59.464	       1.93589	             0	
59.786	       1.93589	             0	
60.107	       1.93589	             0	
60.429	       15.7446	             0	
60.750	       15.7446	             0	
61.071	       2.64993	             0	
61.393	       2.64993	             0	
61.714	       2.90858	             0	
62.036	       2.90858	             0	
62.357	       3.58256	             0	
62.679	       3.58256	             0	
63.000	       9.02265	             0	
63.321	       9.02265	             0	
63.643	       11.6436	             0	
63.964	       11.6436	             0	
64.286	       11.6436	             0	
64.607	       8.34385	             0	
64.929	       8.34385	             0	
65.250	       7.76429	             0	
65.571	       7.76429	             0	
65.893	       4.85317	             0	
66.214	       4.85317	             0	
66.536	       3.88274	             0	
66.857	       3.88274	             0	
67.179	       7.76594	             0	
67.500	       7.76594	             0	
67.821	       7.76594	             0	
68.143	       18.8284	             0	
68.464	       18.8284	             0	
68.786	       7.76644	             0	
69.107	       7.76644	             0	
69.429	       5.82495	             0	
69.750	       5.82495	             0	
70.071	       3.88337	             0	
70.393	       3.88337	             0	
70.714	       2.91259	             0	
71.036	       2.91259	             0	
71.357	       2.91259	             0	
71.679	       6.04443	             0	
72.000	       6.04443	             0	
72.321	       9.09632	             0	
72.643	       9.09632	             0	
72.964	       3.88359	             0	
73.286	       3.88359	             0	
73.607	       211.656	             0	
73.929	       211.656	             0	
74.250	             0	             0	
74.571	             0	             0	
74.893	             0	             0	
75.214	             0	             0	
75.536	             0	             0	
75.857	             0	             0	
76.179	             0	             0	
76.500	      0.358305	             0	
76.821	      0.358305	             0	
77.143	             0	             0	
77.464	             0	             0	
77.786	             0	             0	
78.107	             0	             0	
78.429	             0	             0	
78.750	             0	             0	
79.071	             0	             0	
79.393	             0	             0	
79.714	             0	             0	
80.036	             0	             0	
80.357	             0	             0	
80.679	      0.358298	             0	
81.000	      0.358298	             0	
81.321	             0	             0	
81.643	             0	             0	
81.964	             0	             0	
82.286	             0	             0	
82.607	             0	             0	
82.929	             0	             0	
83.250	             0	             0	
83.571	      0.352782	             0	
83.893	      0.352782	             0	
84.214	             0	             0	
84.536	             0	             0	
84.857	             0	             0	
85.179	             0	             0	
85.500	             0	             0	
85.821	             0	             0	
86.143	             0	             0	
86.464	             0	             0	
86.786	             0	             0	
87.107	             0	             0	
87.429	             0	             0	
87.750	             0	             0	
88.071	             0	             0	
88.393	             0	             0	
88.714	             0	             0	
89.036	      0.160119	             0	
89.357	      0.160119	             0	
89.679	             0	             0	
90.000	             0	             0	
90.321	             0	             0	
90.643	             0	             0	
90.964	             0	             0	
91.286	      0.342681	             0	
91.607	      0.342681	             0	
91.929	             0	             0	
92.250	             0	             0	
92.571	     0.0769845	             0	
92.893	     0.0769845	             0	
93.214	      0.306233	             0	
93.536	      0.306233	             0	
93.857	      0.306233	             0	
94.179	             0	             0	
94.500	             0	             0	
94.821	             0	             0	
95.143	             0	             0	
95.464	             0	             0	
95.786	             0	             0	
96.107	      0.274052	             0	
96.429	      0.274052	             0	
96.750	             0	             0	
97.071	             0	             0	
97.393	             0	             0	
97.714	             0	             0	
98.036	             0	             0	
98.357	      0.151403	             0	
98.679	      0.151403	             0	
99.000	             0	             0	
99.321	             0	             0	
99.643	             0	             0	
99.964	             0	             0	
100.286	             0	             0	
100.607	             0	             0	
100.929	             0	             0	
101.250	             0	             0	
101.571	             0	             0	
101.893	             0	             0	
102.214	             0	             0	
102.536	             0	             0	
102.857	             0	             0	
103.179	             0	             0	
103.500	             0	             0	
103.821	             0	             0	
104.143	             0	             0	
104.464	             0	             0	
104.786	             0	             0	
105.107	             0	             0	
105.429	             0	             0	
105.750	             0	             0	
106.071	             0	             0	
106.393	             0	             0	
106.714	             0	             0	
107.036	             0	             0	
107.357	             0	             0	
107.679	             0	             0	
108.000	             0	             0	
108.321	             0	             0	
108.643	             0	             0	
108.964	             0	             0	
109.286	             0	             0	
109.607	             0	             0	
109.929	             0	             0	
110.250	             0	             0	
110.571	             0	             0	
110.893	             0	             0	
111.214	             0	             0	
111.536	             0	             0	
111.857	             0	             0	
112.179	             0	             0	
112.500	             0	             0	
112.821	             0	             0	
113.143	             0	             0	
113.464	             0	             0	
113.786	             0	             0	
114.107	             0	             0	
114.429	             0	             0	
114.750	             0	             0	
115.071	             0	             0	
115.393	             0	             0	
115.714	             0	             0	
116.036	             0	             0	
116.357	             0	             0	
116.679	             0	             0	
117.000	             0	             0	
117.321	             0	             0	
117.643	             0	             0	
117.964	             0	             0	
118.286	             0	             0	
118.607	             0	             0	
118.929	             0	             0	
119.250	             0	             0	
119.571	             0	             0	
119.893	             0	             0	
120.214	             0	             0	
120.536	             0	             0	
120.857	             0	             0	
121.179	             0	             0	
121.500	             0	             0	
121.821	             0	             0	
122.143	             0	             0	
122.464	             0	             0	
122.786	             0	             0	
123.107	             0	             0	
123.429	             0	             0	
123.750	             0	             0	
124.071	             0	             0	
124.393	             0	             0	
124.714	             0	             0	
125.036	             0	             0	
125.357	             0	             0	
125.679	             0	             0	
126.000	             0	             0	
126.321	             0	             0	
126.643	             0	             0	
126.964	             0	             0	
127.286	             0	             0	
127.607	             0	             0	
127.929	             0	             0	
128.250	             0	             0	
128.571	             0	             0	
128.893	             0	             0	
129.214	             0	             0	
129.536	             0	             0	
129.857	             0	             0	
130.179	             0	             0	
130.500	             0	             0	
130.821	             0	             0	
131.143	             0	             0	
131.464	             0	             0	
131.786	             0	             0	
132.107	             0	             0	
132.429	             0	             0	
132.750	             0	             0	
133.071	             0	             0	
133.393	             0	             0	
133.714	             0	             0	
134.036	             0	             0	
134.357	             0	             0	
134.679	             0	             0	
135.000	             0	             0	
135.321	             0	             0	
135.643	             0	             0	
135.964	             0	             0	
136.286	             0	             0	
136.607	             0	             0	
136.929	             0	             0	
137.250	             0	             0	
137.571	             0	             0	
137.893	             0	             0	
138.214	             0	             0	
138.536	             0	             0	
138.857	             0	             0	
139.179	             0	             0	
139.500	             0	             0	
139.821	             0	             0	
140.143	             0	             0	
140.464	             0	             0	
140.786	             0	             0	
141.107	             0	             0	
141.429	             0	             0	
141.750	             0	             0	
142.071	             0	             0	
142.393	             0	             0	
142.714	             0	             0	
143.036	             0	             0	
143.357	             0	             0	
143.679	             0	             0	
144.000	             0	             0	
144.321	             0	             0	
144.643	             0	             0	
144.964	             0	             0	
145.286	             0	             0	
145.607	             0	             0	
145.929	             0	             0	
146.250	             0	             0	
146.571	             0	             0	
146.893	             0	             0	
147.214	             0	             0	
147.536	             0	             0	
147.857	             0	             0	
148.179	             0	             0	
148.500	             0	             0	
148.821	             0	             0	
149.143	             0	             0	
149.464	             0	             0	
149.786	             0	             0	
150.107	             0	             0	
150.429	             0	             0	
150.750	             0	             0	
151.071	             0	             0	
151.393	             0	             0	
151.714	             0	             0	
152.036	             0	             0	
152.357	             0	             0	
152.679	             0	             0	
153.000	             0	             0	
153.321	             0	             0	
153.643	             0	             0	
153.964	             0	             0	
154.286	             0	             0	
154.607	             0	             0	
154.929	             0	             0	
155.250	             0	             0	
155.571	             0	             0	
155.893	             0	             0	
156.214	             0	             0	
156.536	             0	             0	
156.857	             0	             0	
157.179	             0	             0	
157.500	             0	             0	
157.821	             0	             0	
158.143	             0	             0	
158.464	             0	             0	
158.786	             0	             0	
159.107	             0	             0	
159.429	             0	             0	
159.750	             0	             0	
160.071	             0	             0	
160.393	             0	             0	
160.714	             0	             0	
161.036	             0	             0	
161.357	             0	             0	
161.679	             0	             0	
162.000	             0	             0	
162.321	             0	             0	
162.643	             0	             0	
162.964	             0	             0	
163.286	             0	             0	
163.607	             0	             0	
163.929	             0	             0	
164.250	             0	             0	
164.571	             0	             0	
164.893	             0	             0	
165.214	             0	             0	
165.536	             0	             0	
165.857	             0	             0	
166.179	             0	             0	
166.500	             0	             0	
166.821	             0	             0	
167.143	             0	             0	
167.464	             0	             0	
167.786	             0	             0	
168.107	             0	             0	
168.429	             0	             0	
168.750	             0	             0	
169.071	             0	             0	
169.393	             0	             0	
169.714	             0	             0	
170.036	             0	             0	
170.357	             0	             0	
170.679	             0	             0	
171.000	             0	             0	
171.321	             0	             0	
171.643	             0	             0	
171.964	             0	             0	
172.286	             0	             0	
172.607	             0	             0	
172.929	             0	             0	
173.250	             0	             0	
173.571	             0	             0	
173.893	             0	             0	
174.214	             0	             0	
174.536	             0	             0	
174.857	             0	             0	
175.179	             0	             0	
175.500	             0	             0	
175.821	             0	             0	
176.143	             0	             0	
176.464	             0	             0	
176.786	             0	             0	
177.107	             0	             0	
177.429	             0	             0	
177.750	             0	             0	
178.071	             0	             0	
178.393	             0	             0	
178.714	             0	             0	
179.036	             0	             0	
179.357	             0	             0	
179.679	             0	             0	
180.000	             0	             0	
