POP_SIZE=5
OFFSPRING_SIZE=5
N_GENERATIONS=1
TAU_PRIME=0.4082482904638631
TAU=0.537284965911771
GLOBAL_SEED=42
SIDE_BOUND=[0.4, 1]
ANGLE_BOUND=[1, 179]
