
TracePro Release: 3 2 0 
Polar Candela Distribution Data for 
Data covers +/- 180.000 degrees from Normal
Data for Missed Rays
Data generated at 07:59:31 September 07, 2025

	   0.0	 180.0
0.000	       1.95792	       1.95792	
0.321	       1.95792	       1.95792	
0.643	             0	             0	
0.964	             0	             0	
1.286	      0.855803	             0	
1.607	      0.855803	             0	
1.929	             0	             0	
2.250	             0	             0	
2.571	      0.907985	      0.829424	
2.893	      0.907985	      0.829424	
3.214	       1.96151	             0	
3.536	       1.96151	             0	
3.857	       1.96151	             0	
4.179	      0.220696	      0.146951	
4.500	      0.220696	      0.146951	
4.821	       1.06296	             0	
5.143	       1.06296	             0	
5.464	      0.896165	       4.65892	
5.786	      0.896165	       4.65892	
6.107	       1.74671	       0.13703	
6.429	       1.74671	       0.13703	
6.750	             0	       3.49619	
7.071	             0	       3.49619	
7.393	             0	       2.01695	
7.714	             0	       2.01695	
8.036	             0	       2.01695	
8.357	       1.52822	       0.93675	
8.679	       1.52822	       0.93675	
9.000	             0	       10.6836	
9.321	             0	       10.6836	
9.643	      0.832262	       3.68498	
9.964	      0.832262	       3.68498	
10.286	             0	       2.87107	
10.607	             0	       2.87107	
10.929	       2.69178	       2.79899	
11.250	       2.69178	       2.79899	
11.571	       2.69178	       2.79899	
11.893	       2.48171	       1.87008	
12.214	       2.48171	       1.87008	
12.536	       2.41762	       1.79555	
12.857	       2.41762	       1.79555	
13.179	       6.78941	      0.655349	
13.500	       6.78941	      0.655349	
13.821	             0	             0	
14.143	             0	             0	
14.464	      0.924386	      0.237949	
14.786	      0.924386	      0.237949	
15.107	      0.924386	      0.237949	
15.429	       1.63245	             0	
15.750	       1.63245	             0	
16.071	      0.943196	      0.884135	
16.393	      0.943196	      0.884135	
16.714	             0	             0	
17.036	             0	             0	
17.357	       1.58545	             0	
17.679	       1.58545	             0	
18.000	       0.81866	       0.12133	
18.321	       0.81866	       0.12133	
18.643	      0.981064	             0	
18.964	      0.981064	             0	
19.286	      0.981064	             0	
19.607	             0	      0.786877	
19.929	             0	      0.786877	
20.250	      0.898997	      0.423783	
20.571	      0.898997	      0.423783	
20.893	       1.77023	       1.02966	
21.214	       1.77023	       1.02966	
21.536	      0.898867	       1.79083	
21.857	      0.898867	       1.79083	
22.179	       1.46286	      0.120248	
22.500	       1.46286	      0.120248	
22.821	       1.46286	      0.120248	
23.143	       1.81096	      0.234248	
23.464	       1.81096	      0.234248	
23.786	      0.819212	      0.597129	
24.107	      0.819212	      0.597129	
24.429	       2.28316	             0	
24.750	       2.28316	             0	
25.071	       1.62427	      0.828633	
25.393	       1.62427	      0.828633	
25.714	      0.747591	             0	
26.036	      0.747591	             0	
26.357	      0.747591	             0	
26.679	      0.768713	        1.7961	
27.000	      0.768713	        1.7961	
27.321	      0.877274	             0	
27.643	      0.877274	             0	
27.964	             0	      0.230743	
28.286	             0	      0.230743	
28.607	       0.77964	             0	
28.929	       0.77964	             0	
29.250	      0.719548	             0	
29.571	      0.719548	             0	
29.893	             0	             0	
30.214	             0	             0	
30.536	             0	             0	
30.857	             0	             0	
31.179	             0	             0	
31.500	      0.743437	       3.63374	
31.821	      0.743437	       3.63374	
32.143	       3.28779	     0.0568406	
32.464	       3.28779	     0.0568406	
32.786	       5.02586	             0	
33.107	       5.02586	             0	
33.429	      0.844406	             0	
33.750	      0.844406	             0	
34.071	      0.844406	             0	
34.393	      0.796659	             0	
34.714	      0.796659	             0	
35.036	       1.83574	             0	
35.357	       1.83574	             0	
35.679	       5.71169	             0	
36.000	       5.71169	             0	
36.321	       3.70555	      0.915373	
36.643	       3.70555	      0.915373	
36.964	      0.248388	             0	
37.286	      0.248388	             0	
37.607	      0.248388	             0	
37.929	       1.86758	      0.148466	
38.250	       1.86758	      0.148466	
38.571	       3.59104	             0	
38.893	       3.59104	             0	
39.214	             0	             0	
39.536	             0	             0	
39.857	       5.57464	             0	
40.179	       5.57464	             0	
40.500	       2.62664	             0	
40.821	       2.62664	             0	
41.143	       3.56291	     0.0980499	
41.464	       3.56291	     0.0980499	
41.786	       3.56291	     0.0980499	
42.107	      0.951928	      0.191985	
42.429	      0.951928	      0.191985	
42.750	       2.04826	      0.737067	
43.071	       2.04826	      0.737067	
43.393	       5.03084	      0.151781	
43.714	       5.03084	      0.151781	
44.036	       3.11282	             0	
44.357	       3.11282	             0	
44.679	       2.14351	             0	
45.000	       2.14351	             0	
45.321	       2.14351	             0	
45.643	       2.88293	             0	
45.964	       2.88293	             0	
46.286	       2.88674	             0	
46.607	       2.88674	             0	
46.929	        5.7812	             0	
47.250	        5.7812	             0	
47.571	       1.92908	             0	
47.893	       1.92908	             0	
48.214	        2.4748	             0	
48.536	        2.4748	             0	
48.857	        2.4748	             0	
49.179	       5.79664	             0	
49.500	       5.79664	             0	
49.821	       2.00806	             0	
50.143	       2.00806	             0	
50.464	       11.8929	             0	
50.786	       11.8929	             0	
51.107	       4.51496	             0	
51.429	       4.51496	             0	
51.750	       5.80928	             0	
52.071	       5.80928	             0	
52.393	       13.6836	             0	
52.714	       13.6836	             0	
53.036	       13.6836	             0	
53.357	       1.99613	             0	
53.679	       1.99613	             0	
54.000	       3.17725	             0	
54.321	       3.17725	             0	
54.643	       9.69288	             0	
54.964	       9.69288	             0	
55.286	        1.9389	             0	
55.607	        1.9389	             0	
55.929	       4.89841	             0	
56.250	       4.89841	             0	
56.571	       4.89841	             0	
56.893	       11.6371	             0	
57.214	       11.6371	             0	
57.536	       3.87947	             0	
57.857	       3.87947	             0	
58.179	       2.90994	             0	
58.500	       2.90994	             0	
58.821	       7.84824	             0	
59.143	       7.84824	             0	
59.464	        8.7317	             0	
59.786	        8.7317	             0	
60.107	        8.7317	             0	
60.429	       5.82166	             0	
60.750	       5.82166	             0	
61.071	       4.85162	             0	
61.393	       4.85162	             0	
61.714	       2.91115	             0	
62.036	       2.91115	             0	
62.357	       5.82278	             0	
62.679	       5.82278	             0	
63.000	       8.73448	             0	
63.321	       8.73448	             0	
63.643	       1020.99	             0	
63.964	       1020.99	             0	
64.286	       1020.99	             0	
64.607	             0	             0	
64.929	             0	             0	
65.250	             0	             0	
65.571	             0	             0	
65.893	             0	             0	
66.214	             0	             0	
66.536	             0	             0	
66.857	             0	             0	
67.179	             0	             0	
67.500	             0	             0	
67.821	             0	             0	
68.143	             0	             0	
68.464	             0	             0	
68.786	             0	             0	
69.107	             0	             0	
69.429	             0	             0	
69.750	             0	             0	
70.071	             0	             0	
70.393	             0	             0	
70.714	             0	             0	
71.036	             0	             0	
71.357	             0	             0	
71.679	             0	             0	
72.000	             0	             0	
72.321	             0	             0	
72.643	             0	             0	
72.964	             0	             0	
73.286	             0	             0	
73.607	       3.52518	             0	
73.929	       3.52518	             0	
74.250	             0	             0	
74.571	             0	             0	
74.893	             0	             0	
75.214	             0	             0	
75.536	             0	             0	
75.857	             0	             0	
76.179	             0	             0	
76.500	             0	             0	
76.821	             0	             0	
77.143	             0	             0	
77.464	             0	             0	
77.786	      0.478018	             0	
78.107	      0.478018	             0	
78.429	             0	             0	
78.750	             0	             0	
79.071	             0	             0	
79.393	             0	             0	
79.714	             0	             0	
80.036	             0	             0	
80.357	             0	             0	
80.679	       2.43451	             0	
81.000	       2.43451	             0	
81.321	             0	             0	
81.643	             0	             0	
81.964	       6.22785	             0	
82.286	       6.22785	             0	
82.607	       6.22785	             0	
82.929	       347.531	             0	
83.250	       347.531	             0	
83.571	      0.764748	             0	
83.893	      0.764748	             0	
84.214	      0.985575	             0	
84.536	      0.985575	             0	
84.857	      0.323999	             0	
85.179	      0.323999	             0	
85.500	      0.269581	             0	
85.821	      0.269581	             0	
86.143	      0.582844	             0	
86.464	      0.582844	             0	
86.786	      0.582844	             0	
87.107	       0.15474	             0	
87.429	       0.15474	             0	
87.750	      0.225846	             0	
88.071	      0.225846	             0	
88.393	      0.189264	             0	
88.714	      0.189264	             0	
89.036	      0.273384	             0	
89.357	      0.273384	             0	
89.679	      0.251634	             0	
90.000	      0.251634	             0	
90.321	      0.251634	             0	
90.643	      0.167041	             0	
90.964	      0.167041	             0	
91.286	      0.207714	             0	
91.607	      0.207714	             0	
91.929	             0	             0	
92.250	             0	             0	
92.571	      0.334408	             0	
92.893	      0.334408	             0	
93.214	     0.0503965	             0	
93.536	     0.0503965	             0	
93.857	     0.0503965	             0	
94.179	      0.200378	             0	
94.500	      0.200378	             0	
94.821	             0	             0	
95.143	             0	             0	
95.464	             0	             0	
95.786	             0	             0	
96.107	       1.63757	             0	
96.429	       1.63757	             0	
96.750	      0.818937	             0	
97.071	      0.818937	             0	
97.393	      0.833734	             0	
97.714	      0.833734	             0	
98.036	      0.833734	             0	
98.357	             0	             0	
98.679	             0	             0	
99.000	             0	             0	
99.321	             0	             0	
99.643	             0	             0	
99.964	             0	             0	
100.286	             0	             0	
100.607	             0	             0	
100.929	             0	             0	
101.250	             0	             0	
101.571	             0	             0	
101.893	             0	             0	
102.214	             0	             0	
102.536	             0	             0	
102.857	             0	             0	
103.179	             0	             0	
103.500	             0	             0	
103.821	             0	             0	
104.143	             0	             0	
104.464	             0	             0	
104.786	             0	             0	
105.107	             0	             0	
105.429	             0	             0	
105.750	             0	             0	
106.071	             0	             0	
106.393	             0	             0	
106.714	             0	             0	
107.036	             0	             0	
107.357	             0	             0	
107.679	             0	             0	
108.000	             0	             0	
108.321	             0	             0	
108.643	             0	             0	
108.964	             0	             0	
109.286	             0	             0	
109.607	             0	             0	
109.929	             0	             0	
110.250	             0	             0	
110.571	             0	             0	
110.893	             0	             0	
111.214	             0	             0	
111.536	             0	             0	
111.857	             0	             0	
112.179	             0	             0	
112.500	             0	             0	
112.821	             0	             0	
113.143	             0	             0	
113.464	             0	             0	
113.786	             0	             0	
114.107	             0	             0	
114.429	             0	             0	
114.750	             0	             0	
115.071	             0	             0	
115.393	             0	             0	
115.714	             0	             0	
116.036	             0	             0	
116.357	             0	             0	
116.679	             0	             0	
117.000	             0	             0	
117.321	             0	             0	
117.643	             0	             0	
117.964	             0	             0	
118.286	             0	             0	
118.607	             0	             0	
118.929	             0	             0	
119.250	             0	             0	
119.571	             0	             0	
119.893	             0	             0	
120.214	             0	             0	
120.536	             0	             0	
120.857	             0	             0	
121.179	             0	             0	
121.500	             0	             0	
121.821	             0	             0	
122.143	             0	             0	
122.464	             0	             0	
122.786	             0	             0	
123.107	             0	             0	
123.429	             0	             0	
123.750	             0	             0	
124.071	             0	             0	
124.393	             0	             0	
124.714	             0	             0	
125.036	             0	             0	
125.357	             0	             0	
125.679	             0	             0	
126.000	             0	             0	
126.321	             0	             0	
126.643	             0	             0	
126.964	             0	             0	
127.286	             0	             0	
127.607	             0	             0	
127.929	             0	             0	
128.250	             0	             0	
128.571	             0	             0	
128.893	             0	             0	
129.214	             0	             0	
129.536	             0	             0	
129.857	             0	             0	
130.179	             0	             0	
130.500	             0	             0	
130.821	             0	             0	
131.143	             0	             0	
131.464	             0	             0	
131.786	             0	             0	
132.107	             0	             0	
132.429	             0	             0	
132.750	             0	             0	
133.071	             0	             0	
133.393	             0	             0	
133.714	             0	             0	
134.036	             0	             0	
134.357	             0	             0	
134.679	             0	             0	
135.000	             0	             0	
135.321	             0	             0	
135.643	             0	             0	
135.964	             0	             0	
136.286	             0	             0	
136.607	             0	             0	
136.929	             0	             0	
137.250	             0	             0	
137.571	             0	             0	
137.893	             0	             0	
138.214	             0	             0	
138.536	             0	             0	
138.857	             0	             0	
139.179	             0	             0	
139.500	             0	             0	
139.821	             0	             0	
140.143	             0	             0	
140.464	             0	             0	
140.786	             0	             0	
141.107	             0	             0	
141.429	             0	             0	
141.750	             0	             0	
142.071	             0	             0	
142.393	             0	             0	
142.714	             0	             0	
143.036	             0	             0	
143.357	             0	             0	
143.679	             0	             0	
144.000	             0	             0	
144.321	             0	             0	
144.643	             0	             0	
144.964	             0	             0	
145.286	             0	             0	
145.607	             0	             0	
145.929	             0	             0	
146.250	             0	             0	
146.571	             0	             0	
146.893	             0	             0	
147.214	             0	             0	
147.536	             0	             0	
147.857	             0	             0	
148.179	             0	             0	
148.500	             0	             0	
148.821	             0	             0	
149.143	             0	             0	
149.464	             0	             0	
149.786	             0	             0	
150.107	             0	             0	
150.429	             0	             0	
150.750	             0	             0	
151.071	             0	             0	
151.393	             0	             0	
151.714	             0	             0	
152.036	             0	             0	
152.357	             0	             0	
152.679	             0	             0	
153.000	             0	             0	
153.321	             0	             0	
153.643	             0	             0	
153.964	             0	             0	
154.286	             0	             0	
154.607	             0	             0	
154.929	             0	             0	
155.250	             0	             0	
155.571	             0	             0	
155.893	             0	             0	
156.214	             0	             0	
156.536	             0	             0	
156.857	             0	             0	
157.179	             0	             0	
157.500	             0	             0	
157.821	             0	             0	
158.143	             0	             0	
158.464	             0	             0	
158.786	             0	             0	
159.107	             0	             0	
159.429	             0	             0	
159.750	             0	             0	
160.071	             0	             0	
160.393	             0	             0	
160.714	             0	             0	
161.036	             0	             0	
161.357	             0	             0	
161.679	             0	             0	
162.000	             0	             0	
162.321	             0	             0	
162.643	             0	             0	
162.964	             0	             0	
163.286	             0	             0	
163.607	             0	             0	
163.929	             0	             0	
164.250	             0	             0	
164.571	             0	             0	
164.893	             0	             0	
165.214	             0	             0	
165.536	             0	             0	
165.857	             0	             0	
166.179	             0	             0	
166.500	             0	             0	
166.821	             0	             0	
167.143	             0	             0	
167.464	             0	             0	
167.786	             0	             0	
168.107	             0	             0	
168.429	             0	             0	
168.750	             0	             0	
169.071	             0	             0	
169.393	             0	             0	
169.714	             0	             0	
170.036	             0	             0	
170.357	             0	             0	
170.679	             0	             0	
171.000	             0	             0	
171.321	             0	             0	
171.643	             0	             0	
171.964	             0	             0	
172.286	             0	             0	
172.607	             0	             0	
172.929	             0	             0	
173.250	             0	             0	
173.571	             0	             0	
173.893	             0	             0	
174.214	             0	             0	
174.536	             0	             0	
174.857	             0	             0	
175.179	             0	             0	
175.500	             0	             0	
175.821	             0	             0	
176.143	             0	             0	
176.464	             0	             0	
176.786	             0	             0	
177.107	             0	             0	
177.429	             0	             0	
177.750	             0	             0	
178.071	             0	             0	
178.393	             0	             0	
178.714	             0	             0	
179.036	             0	             0	
179.357	             0	             0	
179.679	             0	             0	
180.000	             0	             0	
