
TracePro Release: 3 2 0 
Polar Candela Distribution Data for 
Data covers +/- 180.000 degrees from Normal
Data for Missed Rays
Data generated at 15:16:57 September 06, 2025

	   0.0	 180.0
0.000	      0.837362	      0.837362	
0.321	      0.837362	      0.837362	
0.643	      0.840032	       1.97549	
0.964	      0.840032	       1.97549	
1.286	             0	             0	
1.607	             0	             0	
1.929	      0.358644	      0.330217	
2.250	      0.358644	      0.330217	
2.571	        0.8319	             0	
2.893	        0.8319	             0	
3.214	       1.94193	             0	
3.536	       1.94193	             0	
3.857	       1.94193	             0	
4.179	       2.20314	      0.144513	
4.500	       2.20314	      0.144513	
4.821	       1.75787	      0.283076	
5.143	       1.75787	      0.283076	
5.464	      0.272099	      0.879436	
5.786	      0.272099	      0.879436	
6.107	      0.938325	       3.68454	
6.429	      0.938325	       3.68454	
6.750	      0.760836	             0	
7.071	      0.760836	             0	
7.393	      0.316531	             0	
7.714	      0.316531	             0	
8.036	      0.316531	             0	
8.357	      0.806459	      0.520991	
8.679	      0.806459	      0.520991	
9.000	       2.81962	       3.40864	
9.321	       2.81962	       3.40864	
9.643	       2.55114	       1.81304	
9.964	       2.55114	       1.81304	
10.286	       1.39465	       0.78762	
10.607	       1.39465	       0.78762	
10.929	        1.5039	       1.71238	
11.250	        1.5039	       1.71238	
11.571	        1.5039	       1.71238	
11.893	       3.15494	       1.01664	
12.214	       3.15494	       1.01664	
12.536	             0	             0	
12.857	             0	             0	
13.179	       4.91906	             0	
13.500	       4.91906	             0	
13.821	        1.3992	       1.64002	
14.143	        1.3992	       1.64002	
14.464	       3.03979	      0.962689	
14.786	       3.03979	      0.962689	
15.107	       3.03979	      0.962689	
15.429	       1.33647	       1.46056	
15.750	       1.33647	       1.46056	
16.071	        86.507	      0.818196	
16.393	        86.507	      0.818196	
16.714	             0	      0.685246	
17.036	             0	      0.685246	
17.357	      0.950579	     0.0766143	
17.679	      0.950579	     0.0766143	
18.000	       2.39575	      0.188993	
18.321	       2.39575	      0.188993	
18.643	       1.01059	             0	
18.964	       1.01059	             0	
19.286	       1.01059	             0	
19.607	       2.84537	             0	
19.929	       2.84537	             0	
20.250	       1.61014	       2.53095	
20.571	       1.61014	       2.53095	
20.893	        1.2185	       0.90776	
21.214	        1.2185	       0.90776	
21.536	       2.44299	       3.01451	
21.857	       2.44299	       3.01451	
22.179	       2.90818	             0	
22.500	       2.90818	             0	
22.821	       2.90818	             0	
23.143	     0.0947301	      0.118752	
23.464	     0.0947301	      0.118752	
23.786	       2.73057	             0	
24.107	       2.73057	             0	
24.429	             0	       2.37746	
24.750	             0	       2.37746	
25.071	             0	       1.57211	
25.393	             0	       1.57211	
25.714	             0	       1.02261	
26.036	             0	       1.02261	
26.357	             0	       1.02261	
26.679	      0.536012	       155.994	
27.000	      0.536012	       155.994	
27.321	       0.85668	       1.82342	
27.643	       0.85668	       1.82342	
27.964	       1.36584	       1.70395	
28.286	       1.36584	       1.70395	
28.607	       2.04574	             0	
28.929	       2.04574	             0	
29.250	      0.680333	       1.22373	
29.571	      0.680333	       1.22373	
29.893	       1.28516	       0.75795	
30.214	       1.28516	       0.75795	
30.536	       1.28516	       0.75795	
30.857	        1.1473	       3.08654	
31.179	        1.1473	       3.08654	
31.500	      0.103566	      0.755295	
31.821	      0.103566	      0.755295	
32.143	       3.79489	             0	
32.464	       3.79489	             0	
32.786	      0.118385	      0.725651	
33.107	      0.118385	      0.725651	
33.429	             0	             0	
33.750	             0	             0	
34.071	             0	             0	
34.393	      0.217319	             0	
34.714	      0.217319	             0	
35.036	     0.0505418	      0.750362	
35.357	     0.0505418	      0.750362	
35.679	       2.67734	       1.60046	
36.000	       2.67734	       1.60046	
36.321	       2.42782	       4.07339	
36.643	       2.42782	       4.07339	
36.964	      0.927587	       3.38701	
37.286	      0.927587	       3.38701	
37.607	      0.927587	       3.38701	
37.929	       3.17574	      0.923287	
38.250	       3.17574	      0.923287	
38.571	       1.09795	      0.996299	
38.893	       1.09795	      0.996299	
39.214	       1.52752	             0	
39.536	       1.52752	             0	
39.857	             0	      0.642804	
40.179	             0	      0.642804	
40.500	             0	             0	
40.821	             0	             0	
41.143	       2.95293	             0	
41.464	       2.95293	             0	
41.786	       2.95293	             0	
42.107	       3.49132	      0.160005	
42.429	       3.49132	      0.160005	
42.750	       1.76542	     0.0659601	
43.071	       1.76542	     0.0659601	
43.393	             0	      0.290535	
43.714	             0	      0.290535	
44.036	      0.918824	             0	
44.357	      0.918824	             0	
44.679	       1.85432	             0	
45.000	       1.85432	             0	
45.321	       1.85432	             0	
45.643	       1.76002	             0	
45.964	       1.76002	             0	
46.286	      0.939473	             0	
46.607	      0.939473	             0	
46.929	       2.52161	             0	
47.250	       2.52161	             0	
47.571	       3.75517	             0	
47.893	       3.75517	             0	
48.214	       1.94681	             0	
48.536	       1.94681	             0	
48.857	       1.94681	             0	
49.179	       1.86175	             0	
49.500	       1.86175	             0	
49.821	       1.77037	       1.30814	
50.143	       1.77037	       1.30814	
50.464	       7.66247	             0	
50.786	       7.66247	             0	
51.107	      0.869453	             0	
51.429	      0.869453	             0	
51.750	      0.957628	             0	
52.071	      0.957628	             0	
52.393	       2.02128	       0.28887	
52.714	       2.02128	       0.28887	
53.036	       2.02128	       0.28887	
53.357	       1.45501	             0	
53.679	       1.45501	             0	
54.000	       1.92657	             0	
54.321	       1.92657	             0	
54.643	       1.92845	             0	
54.964	       1.92845	             0	
55.286	       1.93126	             0	
55.607	       1.93126	             0	
55.929	      0.660101	             0	
56.250	      0.660101	             0	
56.571	      0.660101	             0	
56.893	             0	             0	
57.214	             0	             0	
57.536	       2.90406	             0	
57.857	       2.90406	             0	
58.179	       1.93667	             0	
58.500	       1.93667	             0	
58.821	       1.93791	             0	
59.143	       1.93791	             0	
59.464	       2.80977	             0	
59.786	       2.80977	             0	
60.107	       2.80977	             0	
60.429	       1.93949	             0	
60.750	       1.93949	             0	
61.071	       3.87945	             0	
61.393	       3.87945	             0	
61.714	       1.84141	             0	
62.036	       1.84141	             0	
62.357	       5.72278	             0	
62.679	       5.72278	             0	
63.000	       4.70099	             0	
63.321	       4.70099	             0	
63.643	       5.82314	             0	
63.964	       5.82314	             0	
64.286	       5.82314	             0	
64.607	       6.92552	     0.0528283	
64.929	       6.92552	     0.0528283	
65.250	       3.88258	             0	
65.571	       3.88258	             0	
65.893	       1.94139	             0	
66.214	       1.94139	             0	
66.536	       3.10807	             0	
66.857	       3.10807	             0	
67.179	       8.63766	             0	
67.500	       8.63766	             0	
67.821	       8.63766	             0	
68.143	       5.62642	             0	
68.464	       5.62642	             0	
68.786	       7.96487	             0	
69.107	       7.96487	             0	
69.429	       515.507	             0	
69.750	       515.507	             0	
70.071	             0	             0	
70.393	             0	             0	
70.714	             0	             0	
71.036	             0	             0	
71.357	             0	             0	
71.679	        1.7435	             0	
72.000	        1.7435	             0	
72.321	             0	             0	
72.643	             0	             0	
72.964	             0	             0	
73.286	             0	             0	
73.607	       1.08854	             0	
73.929	       1.08854	             0	
74.250	             0	             0	
74.571	             0	             0	
74.893	             0	             0	
75.214	             0	             0	
75.536	             0	             0	
75.857	             0	             0	
76.179	             0	             0	
76.500	             0	             0	
76.821	             0	             0	
77.143	             0	             0	
77.464	             0	             0	
77.786	             0	             0	
78.107	             0	             0	
78.429	     0.0616893	             0	
78.750	     0.0616893	             0	
79.071	     0.0616893	             0	
79.393	             0	             0	
79.714	             0	             0	
80.036	      0.871818	             0	
80.357	      0.871818	             0	
80.679	             0	             0	
81.000	             0	             0	
81.321	       1.15986	             0	
81.643	       1.15986	             0	
81.964	       1.74365	             0	
82.286	       1.74365	             0	
82.607	       1.74365	             0	
82.929	             0	             0	
83.250	             0	             0	
83.571	             0	             0	
83.893	             0	             0	
84.214	       1.32882	     0.0665524	
84.536	       1.32882	     0.0665524	
84.857	      0.185249	             0	
85.179	      0.185249	             0	
85.500	       38.3603	             0	
85.821	       38.3603	             0	
86.143	      0.720798	             0	
86.464	      0.720798	             0	
86.786	      0.720798	             0	
87.107	             0	             0	
87.429	             0	             0	
87.750	             0	             0	
88.071	             0	             0	
88.393	     0.0549457	             0	
88.714	     0.0549457	             0	
89.036	       1.57117	             0	
89.357	       1.57117	             0	
89.679	      0.926456	             0	
90.000	      0.926456	             0	
90.321	      0.926456	             0	
90.643	             0	             0	
90.964	             0	             0	
91.286	      0.707635	             0	
91.607	      0.707635	             0	
91.929	     0.0994058	             0	
92.250	     0.0994058	             0	
92.571	     0.0871904	             0	
92.893	     0.0871904	             0	
93.214	      0.734109	             0	
93.536	      0.734109	             0	
93.857	      0.734109	             0	
94.179	      0.477072	             0	
94.500	      0.477072	             0	
94.821	      0.214608	             0	
95.143	      0.214608	             0	
95.464	      0.060099	             0	
95.786	      0.060099	             0	
96.107	      0.286866	             0	
96.429	      0.286866	             0	
96.750	      0.060438	             0	
97.071	      0.060438	             0	
97.393	     0.0528665	             0	
97.714	     0.0528665	             0	
98.036	     0.0528665	             0	
98.357	      0.123066	             0	
98.679	      0.123066	             0	
99.000	             0	             0	
99.321	             0	             0	
99.643	             0	             0	
99.964	             0	             0	
100.286	             0	             0	
100.607	             0	             0	
100.929	             0	             0	
101.250	             0	             0	
101.571	             0	             0	
101.893	             0	             0	
102.214	             0	             0	
102.536	             0	             0	
102.857	             0	             0	
103.179	             0	             0	
103.500	             0	             0	
103.821	             0	             0	
104.143	             0	             0	
104.464	             0	             0	
104.786	             0	             0	
105.107	             0	             0	
105.429	             0	             0	
105.750	             0	             0	
106.071	             0	             0	
106.393	             0	             0	
106.714	             0	             0	
107.036	             0	             0	
107.357	             0	             0	
107.679	             0	             0	
108.000	             0	             0	
108.321	             0	             0	
108.643	             0	             0	
108.964	             0	             0	
109.286	             0	             0	
109.607	             0	             0	
109.929	             0	             0	
110.250	             0	             0	
110.571	             0	             0	
110.893	             0	             0	
111.214	             0	             0	
111.536	             0	             0	
111.857	             0	             0	
112.179	             0	             0	
112.500	             0	             0	
112.821	             0	             0	
113.143	             0	             0	
113.464	             0	             0	
113.786	             0	             0	
114.107	             0	             0	
114.429	             0	             0	
114.750	             0	             0	
115.071	             0	             0	
115.393	             0	             0	
115.714	             0	             0	
116.036	             0	             0	
116.357	             0	             0	
116.679	             0	             0	
117.000	             0	             0	
117.321	             0	             0	
117.643	             0	             0	
117.964	             0	             0	
118.286	             0	             0	
118.607	             0	             0	
118.929	             0	             0	
119.250	             0	             0	
119.571	             0	             0	
119.893	             0	             0	
120.214	             0	             0	
120.536	             0	             0	
120.857	             0	             0	
121.179	             0	             0	
121.500	             0	             0	
121.821	             0	             0	
122.143	             0	             0	
122.464	             0	             0	
122.786	             0	             0	
123.107	             0	             0	
123.429	             0	             0	
123.750	             0	             0	
124.071	             0	             0	
124.393	             0	             0	
124.714	             0	             0	
125.036	             0	             0	
125.357	             0	             0	
125.679	             0	             0	
126.000	             0	             0	
126.321	             0	             0	
126.643	             0	             0	
126.964	             0	             0	
127.286	             0	             0	
127.607	             0	             0	
127.929	             0	             0	
128.250	             0	             0	
128.571	             0	             0	
128.893	             0	             0	
129.214	             0	             0	
129.536	             0	             0	
129.857	             0	             0	
130.179	             0	             0	
130.500	             0	             0	
130.821	             0	             0	
131.143	             0	             0	
131.464	             0	             0	
131.786	             0	             0	
132.107	             0	             0	
132.429	             0	             0	
132.750	             0	             0	
133.071	             0	             0	
133.393	             0	             0	
133.714	             0	             0	
134.036	             0	             0	
134.357	             0	             0	
134.679	             0	             0	
135.000	             0	             0	
135.321	             0	             0	
135.643	             0	             0	
135.964	             0	             0	
136.286	             0	             0	
136.607	             0	             0	
136.929	             0	             0	
137.250	             0	             0	
137.571	             0	             0	
137.893	             0	             0	
138.214	             0	             0	
138.536	             0	             0	
138.857	             0	             0	
139.179	             0	             0	
139.500	             0	             0	
139.821	             0	             0	
140.143	             0	             0	
140.464	             0	             0	
140.786	             0	             0	
141.107	             0	             0	
141.429	             0	             0	
141.750	             0	             0	
142.071	             0	             0	
142.393	             0	             0	
142.714	             0	             0	
143.036	             0	             0	
143.357	             0	             0	
143.679	             0	             0	
144.000	             0	             0	
144.321	             0	             0	
144.643	             0	             0	
144.964	             0	             0	
145.286	             0	             0	
145.607	             0	             0	
145.929	             0	             0	
146.250	             0	             0	
146.571	             0	             0	
146.893	             0	             0	
147.214	             0	             0	
147.536	             0	             0	
147.857	             0	             0	
148.179	             0	             0	
148.500	             0	             0	
148.821	             0	             0	
149.143	             0	             0	
149.464	             0	             0	
149.786	             0	             0	
150.107	             0	             0	
150.429	             0	             0	
150.750	             0	             0	
151.071	             0	             0	
151.393	             0	             0	
151.714	             0	             0	
152.036	             0	             0	
152.357	             0	             0	
152.679	             0	             0	
153.000	             0	             0	
153.321	             0	             0	
153.643	             0	             0	
153.964	             0	             0	
154.286	             0	             0	
154.607	             0	             0	
154.929	             0	             0	
155.250	             0	             0	
155.571	             0	             0	
155.893	             0	             0	
156.214	             0	             0	
156.536	             0	             0	
156.857	             0	             0	
157.179	             0	             0	
157.500	             0	             0	
157.821	             0	             0	
158.143	             0	             0	
158.464	             0	             0	
158.786	             0	             0	
159.107	             0	             0	
159.429	             0	             0	
159.750	             0	             0	
160.071	             0	             0	
160.393	             0	             0	
160.714	             0	             0	
161.036	             0	             0	
161.357	             0	             0	
161.679	             0	             0	
162.000	             0	             0	
162.321	             0	             0	
162.643	             0	             0	
162.964	             0	             0	
163.286	             0	             0	
163.607	             0	             0	
163.929	             0	             0	
164.250	             0	             0	
164.571	             0	             0	
164.893	             0	             0	
165.214	             0	             0	
165.536	             0	             0	
165.857	             0	             0	
166.179	             0	             0	
166.500	             0	             0	
166.821	             0	             0	
167.143	             0	             0	
167.464	             0	             0	
167.786	             0	             0	
168.107	             0	             0	
168.429	             0	             0	
168.750	             0	             0	
169.071	             0	             0	
169.393	             0	             0	
169.714	             0	             0	
170.036	             0	             0	
170.357	             0	             0	
170.679	             0	             0	
171.000	             0	             0	
171.321	             0	             0	
171.643	             0	             0	
171.964	             0	             0	
172.286	             0	             0	
172.607	             0	             0	
172.929	             0	             0	
173.250	             0	             0	
173.571	             0	             0	
173.893	             0	             0	
174.214	             0	             0	
174.536	             0	             0	
174.857	             0	             0	
175.179	             0	             0	
175.500	             0	             0	
175.821	             0	             0	
176.143	             0	             0	
176.464	             0	             0	
176.786	             0	             0	
177.107	             0	             0	
177.429	             0	             0	
177.750	             0	             0	
178.071	             0	             0	
178.393	             0	             0	
178.714	             0	             0	
179.036	             0	             0	
179.357	             0	             0	
179.679	             0	             0	
180.000	             0	             0	
