
TracePro Release: 3 2 0 
Polar Candela Distribution Data for 
Data covers +/- 180.000 degrees from Normal
Data for Missed Rays
Data generated at 08:07:13 September 07, 2025

	   0.0	 180.0
0.000	     0.0751193	     0.0751193	
0.321	     0.0751193	     0.0751193	
0.643	             0	     0.0810289	
0.964	             0	     0.0810289	
1.286	             0	      0.494064	
1.607	             0	      0.494064	
1.929	             0	     0.0622016	
2.250	             0	     0.0622016	
2.571	             0	             0	
2.893	             0	             0	
3.214	             0	      0.445435	
3.536	             0	      0.445435	
3.857	             0	      0.445435	
4.179	             0	      0.276375	
4.500	             0	      0.276375	
4.821	             0	             0	
5.143	             0	             0	
5.464	             0	      0.262625	
5.786	             0	      0.262625	
6.107	             0	      0.503031	
6.429	             0	      0.503031	
6.750	             0	      0.100918	
7.071	             0	      0.100918	
7.393	       0.10796	      0.428573	
7.714	       0.10796	      0.428573	
8.036	       0.10796	      0.428573	
8.357	     0.0915272	             0	
8.679	     0.0915272	             0	
9.000	      0.115402	      0.328161	
9.321	      0.115402	      0.328161	
9.643	             0	      0.211604	
9.964	             0	      0.211604	
10.286	             0	       1.17861	
10.607	             0	       1.17861	
10.929	             0	      0.708198	
11.250	             0	      0.708198	
11.571	             0	      0.708198	
11.893	      0.199358	        1.7358	
12.214	      0.199358	        1.7358	
12.536	      0.189211	       1.54664	
12.857	      0.189211	       1.54664	
13.179	             0	      0.312087	
13.500	             0	      0.312087	
13.821	      0.141349	             0	
14.143	      0.141349	             0	
14.464	     0.0987178	      0.322307	
14.786	     0.0987178	      0.322307	
15.107	     0.0987178	      0.322307	
15.429	             0	      0.412888	
15.750	             0	      0.412888	
16.071	             0	      0.598795	
16.393	             0	      0.598795	
16.714	             0	      0.206716	
17.036	             0	      0.206716	
17.357	             0	             0	
17.679	             0	             0	
18.000	             0	      0.208633	
18.321	             0	      0.208633	
18.643	       479.949	      0.605866	
18.964	       479.949	      0.605866	
19.286	       479.949	      0.605866	
19.607	       5.22784	      0.536032	
19.929	       5.22784	      0.536032	
20.250	       3.51729	      0.656214	
20.571	       3.51729	      0.656214	
20.893	       4.89969	      0.547316	
21.214	       4.89969	      0.547316	
21.536	       3.56696	      0.219012	
21.857	       3.56696	      0.219012	
22.179	       3.74995	      0.505261	
22.500	       3.74995	      0.505261	
22.821	       3.74995	      0.505261	
23.143	       3.61161	       1.09619	
23.464	       3.61161	       1.09619	
23.786	       5.45265	      0.438588	
24.107	       5.45265	      0.438588	
24.429	       6.46002	       0.84197	
24.750	       6.46002	       0.84197	
25.071	       3.83019	      0.413824	
25.393	       3.83019	      0.413824	
25.714	       2.76207	       2.16092	
26.036	       2.76207	       2.16092	
26.357	       2.76207	       2.16092	
26.679	       1.85173	       3.39567	
27.000	       1.85173	       3.39567	
27.321	       7.43403	       1.09952	
27.643	       7.43403	       1.09952	
27.964	       13.2227	       3.80153	
28.286	       13.2227	       3.80153	
28.607	       5.75369	       25.2296	
28.929	       5.75369	       25.2296	
29.250	       3.75419	      0.352305	
29.571	       3.75419	      0.352305	
29.893	       7.68037	      0.070436	
30.214	       7.68037	      0.070436	
30.536	       7.68037	      0.070436	
30.857	       2.91069	             0	
31.179	       2.91069	             0	
31.500	       4.79822	      0.150206	
31.821	       4.79822	      0.150206	
32.143	       7.72768	      0.306879	
32.464	       7.72768	      0.306879	
32.786	       6.72526	             0	
33.107	       6.72526	             0	
33.429	         23.15	      0.245604	
33.750	         23.15	      0.245604	
34.071	         23.15	      0.245604	
34.393	       9.58233	             0	
34.714	       9.58233	             0	
35.036	       3.08018	             0	
35.357	       3.08018	             0	
35.679	       11.7369	             0	
36.000	       11.7369	             0	
36.321	       8.60082	             0	
36.643	       8.60082	             0	
36.964	       11.5673	             0	
37.286	       11.5673	             0	
37.607	       11.5673	             0	
37.929	       13.4141	             0	
38.250	       13.4141	             0	
38.571	       4.79673	             0	
38.893	       4.79673	             0	
39.214	             0	     0.0795761	
39.536	             0	     0.0795761	
39.857	     0.0803677	             0	
40.179	     0.0803677	             0	
40.500	       4.80862	             0	
40.821	       4.80862	             0	
41.143	       1.92513	             0	
41.464	       1.92513	             0	
41.786	       1.92513	             0	
42.107	       6.74191	             0	
42.429	       6.74191	             0	
42.750	       4.81847	             0	
43.071	       4.81847	             0	
43.393	       5.78426	       25.3572	
43.714	       5.78426	       25.3572	
44.036	       3.85842	      0.869076	
44.357	       3.85842	      0.869076	
44.679	       9.91073	      0.861413	
45.000	       9.91073	      0.861413	
45.321	       9.91073	      0.861413	
45.643	        4.8258	             0	
45.964	        4.8258	             0	
46.286	      0.965413	             0	
46.607	      0.965413	             0	
46.929	       5.99184	             0	
47.250	       5.99184	             0	
47.571	       4.82778	             0	
47.893	       4.82778	             0	
48.214	       3.86189	             0	
48.536	       3.86189	             0	
48.857	       3.86189	             0	
49.179	       5.79137	             0	
49.500	       5.79137	             0	
49.821	      0.964812	             0	
50.143	      0.964812	             0	
50.464	       3.85861	             0	
50.786	       3.85861	             0	
51.107	      0.963924	             0	
51.429	      0.963924	             0	
51.750	       2.89164	             0	
52.071	       2.89164	             0	
52.393	       1.92366	             0	
52.714	       1.92366	             0	
53.036	       1.92366	             0	
53.357	       1.01676	             0	
53.679	       1.01676	             0	
54.000	        1.9267	             0	
54.321	        1.9267	             0	
54.643	       2.05119	             0	
54.964	       2.05119	             0	
55.286	       4.83336	             0	
55.607	       4.83336	             0	
55.929	       3.87852	             0	
56.250	       3.87852	             0	
56.571	       3.87852	             0	
56.893	       13.5028	             0	
57.214	       13.5028	             0	
57.536	       6.76714	      0.100598	
57.857	       6.76714	      0.100598	
58.179	       7.68468	             0	
58.500	       7.68468	             0	
58.821	        3.8547	             0	
59.143	        3.8547	             0	
59.464	       11.6903	             0	
59.786	       11.6903	             0	
60.107	       11.6903	             0	
60.429	       11.7544	             0	
60.750	       11.7544	             0	
61.071	       7.72402	             0	
61.393	       7.72402	             0	
61.714	       8.68172	             0	
62.036	       8.68172	             0	
62.357	       4.69991	             0	
62.679	       4.69991	             0	
63.000	       5.70847	             0	
63.321	       5.70847	             0	
63.643	       9.70433	             0	
63.964	       9.70433	             0	
64.286	       9.70433	             0	
64.607	        4.7814	             0	
64.929	        4.7814	             0	
65.250	       3.80062	             0	
65.571	       3.80062	             0	
65.893	       4.67444	             0	
66.214	       4.67444	             0	
66.536	       4.75363	             0	
66.857	       4.75363	             0	
67.179	       2.90915	             0	
67.500	       2.90915	             0	
67.821	       2.90915	             0	
68.143	       7.75541	             0	
68.464	       7.75541	             0	
68.786	      0.968917	             0	
69.107	      0.968917	             0	
69.429	       5.66644	             0	
69.750	       5.66644	             0	
70.071	       99.7218	             0	
70.393	       99.7218	             0	
70.714	       1.58629	             0	
71.036	       1.58629	             0	
71.357	       1.58629	             0	
71.679	      0.135339	             0	
72.000	      0.135339	             0	
72.321	             0	             0	
72.643	             0	             0	
72.964	     0.0973734	             0	
73.286	     0.0973734	             0	
73.607	      0.715903	             0	
73.929	      0.715903	             0	
74.250	       1.38239	             0	
74.571	       1.38239	             0	
74.893	             0	             0	
75.214	             0	             0	
75.536	             0	             0	
75.857	             0	             0	
76.179	             0	             0	
76.500	             0	             0	
76.821	             0	             0	
77.143	      0.582113	             0	
77.464	      0.582113	             0	
77.786	             0	             0	
78.107	             0	             0	
78.429	             0	             0	
78.750	             0	             0	
79.071	             0	             0	
79.393	             0	             0	
79.714	             0	             0	
80.036	             0	             0	
80.357	             0	             0	
80.679	             0	             0	
81.000	             0	             0	
81.321	             0	             0	
81.643	             0	             0	
81.964	             0	             0	
82.286	             0	             0	
82.607	             0	             0	
82.929	             0	             0	
83.250	             0	             0	
83.571	             0	             0	
83.893	             0	             0	
84.214	             0	             0	
84.536	             0	             0	
84.857	             0	             0	
85.179	             0	             0	
85.500	             0	             0	
85.821	             0	             0	
86.143	             0	             0	
86.464	             0	             0	
86.786	             0	             0	
87.107	             0	             0	
87.429	             0	             0	
87.750	      0.282215	             0	
88.071	      0.282215	             0	
88.393	     0.0795733	             0	
88.714	     0.0795733	             0	
89.036	             0	             0	
89.357	             0	             0	
89.679	             0	             0	
90.000	             0	             0	
90.321	             0	             0	
90.643	             0	             0	
90.964	             0	             0	
91.286	      0.264077	             0	
91.607	      0.264077	             0	
91.929	             0	             0	
92.250	             0	             0	
92.571	             0	             0	
92.893	             0	             0	
93.214	      0.134286	             0	
93.536	      0.134286	             0	
93.857	      0.134286	             0	
94.179	             0	             0	
94.500	             0	             0	
94.821	      0.058798	             0	
95.143	      0.058798	             0	
95.464	      0.190837	             0	
95.786	      0.190837	             0	
96.107	             0	             0	
96.429	             0	             0	
96.750	             0	             0	
97.071	             0	             0	
97.393	      0.059815	             0	
97.714	      0.059815	             0	
98.036	      0.059815	             0	
98.357	             0	             0	
98.679	             0	             0	
99.000	             0	             0	
99.321	             0	             0	
99.643	             0	             0	
99.964	             0	             0	
100.286	             0	             0	
100.607	             0	             0	
100.929	             0	             0	
101.250	             0	             0	
101.571	             0	             0	
101.893	             0	             0	
102.214	             0	             0	
102.536	             0	             0	
102.857	             0	             0	
103.179	             0	             0	
103.500	             0	             0	
103.821	             0	             0	
104.143	             0	             0	
104.464	             0	             0	
104.786	             0	             0	
105.107	             0	             0	
105.429	             0	             0	
105.750	             0	             0	
106.071	             0	             0	
106.393	             0	             0	
106.714	             0	             0	
107.036	             0	             0	
107.357	             0	             0	
107.679	             0	             0	
108.000	             0	             0	
108.321	             0	             0	
108.643	             0	             0	
108.964	             0	             0	
109.286	             0	             0	
109.607	             0	             0	
109.929	             0	             0	
110.250	             0	             0	
110.571	             0	             0	
110.893	             0	             0	
111.214	             0	             0	
111.536	             0	             0	
111.857	             0	             0	
112.179	             0	             0	
112.500	             0	             0	
112.821	             0	             0	
113.143	             0	             0	
113.464	             0	             0	
113.786	             0	             0	
114.107	             0	             0	
114.429	             0	             0	
114.750	             0	             0	
115.071	             0	             0	
115.393	             0	             0	
115.714	             0	             0	
116.036	             0	             0	
116.357	             0	             0	
116.679	             0	             0	
117.000	             0	             0	
117.321	             0	             0	
117.643	             0	             0	
117.964	             0	             0	
118.286	             0	             0	
118.607	             0	             0	
118.929	             0	             0	
119.250	             0	             0	
119.571	             0	             0	
119.893	             0	             0	
120.214	             0	             0	
120.536	             0	             0	
120.857	             0	             0	
121.179	             0	             0	
121.500	             0	             0	
121.821	             0	             0	
122.143	             0	             0	
122.464	             0	             0	
122.786	             0	             0	
123.107	             0	             0	
123.429	             0	             0	
123.750	             0	             0	
124.071	             0	             0	
124.393	             0	             0	
124.714	             0	             0	
125.036	             0	             0	
125.357	             0	             0	
125.679	             0	             0	
126.000	             0	             0	
126.321	             0	             0	
126.643	             0	             0	
126.964	             0	             0	
127.286	             0	             0	
127.607	             0	             0	
127.929	             0	             0	
128.250	             0	             0	
128.571	             0	             0	
128.893	             0	             0	
129.214	             0	             0	
129.536	             0	             0	
129.857	             0	             0	
130.179	             0	             0	
130.500	             0	             0	
130.821	             0	             0	
131.143	             0	             0	
131.464	             0	             0	
131.786	             0	             0	
132.107	             0	             0	
132.429	             0	             0	
132.750	             0	             0	
133.071	             0	             0	
133.393	             0	             0	
133.714	             0	             0	
134.036	             0	             0	
134.357	             0	             0	
134.679	             0	             0	
135.000	             0	             0	
135.321	             0	             0	
135.643	             0	             0	
135.964	             0	             0	
136.286	             0	             0	
136.607	             0	             0	
136.929	             0	             0	
137.250	             0	             0	
137.571	             0	             0	
137.893	             0	             0	
138.214	             0	             0	
138.536	             0	             0	
138.857	             0	             0	
139.179	             0	             0	
139.500	             0	             0	
139.821	             0	             0	
140.143	             0	             0	
140.464	             0	             0	
140.786	             0	             0	
141.107	             0	             0	
141.429	             0	             0	
141.750	             0	             0	
142.071	             0	             0	
142.393	             0	             0	
142.714	             0	             0	
143.036	             0	             0	
143.357	             0	             0	
143.679	             0	             0	
144.000	             0	             0	
144.321	             0	             0	
144.643	             0	             0	
144.964	             0	             0	
145.286	             0	             0	
145.607	             0	             0	
145.929	             0	             0	
146.250	             0	             0	
146.571	             0	             0	
146.893	             0	             0	
147.214	             0	             0	
147.536	             0	             0	
147.857	             0	             0	
148.179	             0	             0	
148.500	             0	             0	
148.821	             0	             0	
149.143	             0	             0	
149.464	             0	             0	
149.786	             0	             0	
150.107	             0	             0	
150.429	             0	             0	
150.750	             0	             0	
151.071	             0	             0	
151.393	             0	             0	
151.714	             0	             0	
152.036	             0	             0	
152.357	             0	             0	
152.679	             0	             0	
153.000	             0	             0	
153.321	             0	             0	
153.643	             0	             0	
153.964	             0	             0	
154.286	             0	             0	
154.607	             0	             0	
154.929	             0	             0	
155.250	             0	             0	
155.571	             0	             0	
155.893	             0	             0	
156.214	             0	             0	
156.536	             0	             0	
156.857	             0	             0	
157.179	             0	             0	
157.500	             0	             0	
157.821	             0	             0	
158.143	             0	             0	
158.464	             0	             0	
158.786	             0	             0	
159.107	             0	             0	
159.429	             0	             0	
159.750	             0	             0	
160.071	             0	             0	
160.393	             0	             0	
160.714	             0	             0	
161.036	             0	             0	
161.357	             0	             0	
161.679	             0	             0	
162.000	             0	             0	
162.321	             0	             0	
162.643	             0	             0	
162.964	             0	             0	
163.286	             0	             0	
163.607	             0	             0	
163.929	             0	             0	
164.250	             0	             0	
164.571	             0	             0	
164.893	             0	             0	
165.214	             0	             0	
165.536	             0	             0	
165.857	             0	             0	
166.179	             0	             0	
166.500	             0	             0	
166.821	             0	             0	
167.143	             0	             0	
167.464	             0	             0	
167.786	             0	             0	
168.107	             0	             0	
168.429	             0	             0	
168.750	             0	             0	
169.071	             0	             0	
169.393	             0	             0	
169.714	             0	             0	
170.036	             0	             0	
170.357	             0	             0	
170.679	             0	             0	
171.000	             0	             0	
171.321	             0	             0	
171.643	             0	             0	
171.964	             0	             0	
172.286	             0	             0	
172.607	             0	             0	
172.929	             0	             0	
173.250	             0	             0	
173.571	             0	             0	
173.893	             0	             0	
174.214	             0	             0	
174.536	             0	             0	
174.857	             0	             0	
175.179	             0	             0	
175.500	             0	             0	
175.821	             0	             0	
176.143	             0	             0	
176.464	             0	             0	
176.786	             0	             0	
177.107	             0	             0	
177.429	             0	             0	
177.750	             0	             0	
178.071	             0	             0	
178.393	             0	             0	
178.714	             0	             0	
179.036	             0	             0	
179.357	             0	             0	
179.679	             0	             0	
180.000	             0	             0	
