
TracePro Release: 3 2 0 
Polar Candela Distribution Data for 
Data covers +/- 180.000 degrees from Normal
Data for Missed Rays
Data generated at 08:08:33 September 07, 2025

	   0.0	 180.0
0.000	      0.732434	      0.732434	
0.321	      0.732434	      0.732434	
0.643	             0	             0	
0.964	             0	             0	
1.286	             0	      0.681792	
1.607	             0	      0.681792	
1.929	             0	             0	
2.250	             0	             0	
2.571	        1.2276	             0	
2.893	        1.2276	             0	
3.214	             0	             0	
3.536	             0	             0	
3.857	             0	             0	
4.179	      0.969939	      0.143769	
4.500	      0.969939	      0.143769	
4.821	             0	      0.144554	
5.143	             0	      0.144554	
5.464	      0.969938	             0	
5.786	      0.969938	             0	
6.107	             0	             0	
6.429	             0	             0	
6.750	      0.969937	      0.125872	
7.071	      0.969937	      0.125872	
7.393	        1.1709	             0	
7.714	        1.1709	             0	
8.036	        1.1709	             0	
8.357	      0.598379	      0.942909	
8.679	      0.598379	      0.942909	
9.000	             0	             0	
9.321	             0	             0	
9.643	             0	      0.968175	
9.964	             0	      0.968175	
10.286	       1.29667	             0	
10.607	       1.29667	             0	
10.929	      0.931919	             0	
11.250	      0.931919	             0	
11.571	      0.931919	             0	
11.893	      0.281946	      0.869406	
12.214	      0.281946	      0.869406	
12.536	             0	       5.81453	
12.857	             0	       5.81453	
13.179	             0	     0.0921881	
13.500	             0	     0.0921881	
13.821	      0.799816	       1.49353	
14.143	      0.799816	       1.49353	
14.464	       0.36394	       3.03027	
14.786	       0.36394	       3.03027	
15.107	       0.36394	       3.03027	
15.429	      0.883541	       1.88854	
15.750	      0.883541	       1.88854	
16.071	             0	       1.45641	
16.393	             0	       1.45641	
16.714	             0	       1.67871	
17.036	             0	       1.67871	
17.357	             0	       1.74162	
17.679	             0	       1.74162	
18.000	             0	      0.319885	
18.321	             0	      0.319885	
18.643	             0	     0.0657822	
18.964	             0	     0.0657822	
19.286	             0	     0.0657822	
19.607	       2.73143	       1.91418	
19.929	       2.73143	       1.91418	
20.250	      0.881944	       1.88868	
20.571	      0.881944	       1.88868	
20.893	      0.880243	      0.818627	
21.214	      0.880243	      0.818627	
21.536	      0.885587	             0	
21.857	      0.885587	             0	
22.179	       7.17869	      0.245416	
22.500	       7.17869	      0.245416	
22.821	       7.17869	      0.245416	
23.143	             0	      0.115991	
23.464	             0	      0.115991	
23.786	       4.49854	             0	
24.107	       4.49854	             0	
24.429	       1.88241	             0	
24.750	       1.88241	             0	
25.071	       1.80598	             0	
25.393	       1.80598	             0	
25.714	        1.9413	             0	
26.036	        1.9413	             0	
26.357	        1.9413	             0	
26.679	       1.83329	      0.101356	
27.000	       1.83329	      0.101356	
27.321	       1.83839	     0.0726538	
27.643	       1.83839	     0.0726538	
27.964	      0.129792	      0.399804	
28.286	      0.129792	      0.399804	
28.607	       3.11057	     0.0903315	
28.929	       3.11057	     0.0903315	
29.250	       1.02884	             0	
29.571	       1.02884	             0	
29.893	       11.1786	             0	
30.214	       11.1786	             0	
30.536	       11.1786	             0	
30.857	       7.43787	             0	
31.179	       7.43787	             0	
31.500	        2.7864	             0	
31.821	        2.7864	             0	
32.143	       7.63404	             0	
32.464	       7.63404	             0	
32.786	         2.753	             0	
33.107	         2.753	             0	
33.429	       5.68093	     0.0930186	
33.750	       5.68093	     0.0930186	
34.071	       5.68093	     0.0930186	
34.393	       5.69486	             0	
34.714	       5.69486	             0	
35.036	        4.6986	             0	
35.357	        4.6986	             0	
35.679	       3.81078	        0.7838	
36.000	       3.81078	        0.7838	
36.321	       6.54341	             0	
36.643	       6.54341	             0	
36.964	       3.74819	             0	
37.286	       3.74819	             0	
37.607	       3.74819	             0	
37.929	       11.4892	       0.96755	
38.250	       11.4892	       0.96755	
38.571	       11.1649	             0	
38.893	       11.1649	             0	
39.214	       7.67768	             0	
39.536	       7.67768	             0	
39.857	       7.04504	             0	
40.179	       7.04504	             0	
40.500	       4.80755	             0	
40.821	       4.80755	             0	
41.143	       17.6916	       0.24299	
41.464	       17.6916	       0.24299	
41.786	       17.6916	       0.24299	
42.107	       3.15982	      0.579516	
42.429	       3.15982	      0.579516	
42.750	       9.32607	      0.138602	
43.071	       9.32607	      0.138602	
43.393	       21.2132	      0.246987	
43.714	       21.2132	      0.246987	
44.036	       6.59591	      0.170097	
44.357	       6.59591	      0.170097	
44.679	       13.1237	      0.104792	
45.000	       13.1237	      0.104792	
45.321	       13.1237	      0.104792	
45.643	       7.72569	             0	
45.964	       7.72569	             0	
46.286	       3.62719	             0	
46.607	       3.62719	             0	
46.929	       19.3329	             0	
47.250	       19.3329	             0	
47.571	       7.20318	             0	
47.893	       7.20318	             0	
48.214	       5.80265	             0	
48.536	       5.80265	             0	
48.857	       5.80265	             0	
49.179	       13.7911	             0	
49.500	       13.7911	             0	
49.821	       9.79717	             0	
50.143	       9.79717	             0	
50.464	       9.90664	             0	
50.786	       9.90664	             0	
51.107	       7.45152	             0	
51.429	       7.45152	             0	
51.750	       14.1179	             0	
52.071	       14.1179	             0	
52.393	        19.376	             0	
52.714	        19.376	             0	
53.036	        19.376	             0	
53.357	        4.8448	             0	
53.679	        4.8448	             0	
54.000	       7.75251	             0	
54.321	       7.75251	             0	
54.643	       13.5683	             0	
54.964	       13.5683	             0	
55.286	       6.78302	             0	
55.607	       6.78302	             0	
55.929	       9.69134	             0	
56.250	       9.69134	             0	
56.571	       9.69134	             0	
56.893	       13.5678	             0	
57.214	       13.5678	             0	
57.536	       426.321	             0	
57.857	       426.321	             0	
58.179	             0	             0	
58.500	             0	             0	
58.821	             0	             0	
59.143	             0	             0	
59.464	             0	             0	
59.786	             0	             0	
60.107	             0	             0	
60.429	             0	             0	
60.750	             0	             0	
61.071	             0	             0	
61.393	             0	             0	
61.714	             0	             0	
62.036	             0	             0	
62.357	             0	             0	
62.679	             0	             0	
63.000	             0	             0	
63.321	             0	             0	
63.643	             0	             0	
63.964	             0	             0	
64.286	             0	             0	
64.607	             0	             0	
64.929	             0	             0	
65.250	             0	             0	
65.571	             0	             0	
65.893	             0	             0	
66.214	             0	             0	
66.536	             0	             0	
66.857	             0	             0	
67.179	             0	             0	
67.500	             0	             0	
67.821	             0	             0	
68.143	             0	             0	
68.464	             0	             0	
68.786	       0.22207	             0	
69.107	       0.22207	             0	
69.429	       0.82126	             0	
69.750	       0.82126	             0	
70.071	             0	             0	
70.393	             0	             0	
70.714	             0	             0	
71.036	             0	             0	
71.357	             0	             0	
71.679	             0	             0	
72.000	             0	             0	
72.321	      0.418138	             0	
72.643	      0.418138	             0	
72.964	      0.477044	             0	
73.286	      0.477044	             0	
73.607	             0	             0	
73.929	             0	             0	
74.250	      0.193774	             0	
74.571	      0.193774	             0	
74.893	      0.355351	             0	
75.214	      0.355351	             0	
75.536	      0.355351	             0	
75.857	       199.799	             0	
76.179	       199.799	             0	
76.500	       1.32856	             0	
76.821	       1.32856	             0	
77.143	             0	             0	
77.464	             0	             0	
77.786	       0.20653	             0	
78.107	       0.20653	             0	
78.429	             0	             0	
78.750	             0	             0	
79.071	             0	             0	
79.393	      0.326453	             0	
79.714	      0.326453	             0	
80.036	             0	             0	
80.357	             0	             0	
80.679	             0	             0	
81.000	             0	             0	
81.321	             0	             0	
81.643	             0	             0	
81.964	     0.0720029	             0	
82.286	     0.0720029	             0	
82.607	     0.0720029	             0	
82.929	             0	             0	
83.250	             0	             0	
83.571	             0	             0	
83.893	             0	             0	
84.214	     0.0668488	             0	
84.536	     0.0668488	             0	
84.857	             0	             0	
85.179	             0	             0	
85.500	             0	             0	
85.821	             0	             0	
86.143	             0	             0	
86.464	             0	             0	
86.786	             0	             0	
87.107	     0.0586668	             0	
87.429	     0.0586668	             0	
87.750	             0	             0	
88.071	             0	             0	
88.393	             0	             0	
88.714	             0	             0	
89.036	             0	             0	
89.357	             0	             0	
89.679	             0	             0	
90.000	             0	             0	
90.321	             0	             0	
90.643	             0	             0	
90.964	             0	             0	
91.286	             0	             0	
91.607	             0	             0	
91.929	             0	             0	
92.250	             0	             0	
92.571	             0	             0	
92.893	             0	             0	
93.214	             0	             0	
93.536	             0	             0	
93.857	             0	             0	
94.179	             0	             0	
94.500	             0	             0	
94.821	             0	             0	
95.143	             0	             0	
95.464	             0	             0	
95.786	             0	             0	
96.107	             0	             0	
96.429	             0	             0	
96.750	             0	             0	
97.071	             0	             0	
97.393	             0	             0	
97.714	             0	             0	
98.036	             0	             0	
98.357	             0	             0	
98.679	             0	             0	
99.000	             0	             0	
99.321	             0	             0	
99.643	             0	             0	
99.964	             0	             0	
100.286	             0	             0	
100.607	             0	             0	
100.929	             0	             0	
101.250	             0	             0	
101.571	             0	             0	
101.893	             0	             0	
102.214	             0	             0	
102.536	             0	             0	
102.857	             0	             0	
103.179	             0	             0	
103.500	             0	             0	
103.821	             0	             0	
104.143	             0	             0	
104.464	             0	             0	
104.786	             0	             0	
105.107	             0	             0	
105.429	             0	             0	
105.750	             0	             0	
106.071	             0	             0	
106.393	             0	             0	
106.714	             0	             0	
107.036	             0	             0	
107.357	             0	             0	
107.679	             0	             0	
108.000	             0	             0	
108.321	             0	             0	
108.643	             0	             0	
108.964	             0	             0	
109.286	             0	             0	
109.607	             0	             0	
109.929	             0	             0	
110.250	             0	             0	
110.571	             0	             0	
110.893	             0	             0	
111.214	             0	             0	
111.536	             0	             0	
111.857	             0	             0	
112.179	             0	             0	
112.500	             0	             0	
112.821	             0	             0	
113.143	             0	             0	
113.464	             0	             0	
113.786	             0	             0	
114.107	             0	             0	
114.429	             0	             0	
114.750	             0	             0	
115.071	             0	             0	
115.393	             0	             0	
115.714	             0	             0	
116.036	             0	             0	
116.357	             0	             0	
116.679	             0	             0	
117.000	             0	             0	
117.321	             0	             0	
117.643	             0	             0	
117.964	             0	             0	
118.286	             0	             0	
118.607	             0	             0	
118.929	             0	             0	
119.250	             0	             0	
119.571	             0	             0	
119.893	             0	             0	
120.214	             0	             0	
120.536	             0	             0	
120.857	             0	             0	
121.179	             0	             0	
121.500	             0	             0	
121.821	             0	             0	
122.143	             0	             0	
122.464	             0	             0	
122.786	             0	             0	
123.107	             0	             0	
123.429	             0	             0	
123.750	             0	             0	
124.071	             0	             0	
124.393	             0	             0	
124.714	             0	             0	
125.036	             0	             0	
125.357	             0	             0	
125.679	             0	             0	
126.000	             0	             0	
126.321	             0	             0	
126.643	             0	             0	
126.964	             0	             0	
127.286	             0	             0	
127.607	             0	             0	
127.929	             0	             0	
128.250	             0	             0	
128.571	             0	             0	
128.893	             0	             0	
129.214	             0	             0	
129.536	             0	             0	
129.857	             0	             0	
130.179	             0	             0	
130.500	             0	             0	
130.821	             0	             0	
131.143	             0	             0	
131.464	             0	             0	
131.786	             0	             0	
132.107	             0	             0	
132.429	             0	             0	
132.750	             0	             0	
133.071	             0	             0	
133.393	             0	             0	
133.714	             0	             0	
134.036	             0	             0	
134.357	             0	             0	
134.679	             0	             0	
135.000	             0	             0	
135.321	             0	             0	
135.643	             0	             0	
135.964	             0	             0	
136.286	             0	             0	
136.607	             0	             0	
136.929	             0	             0	
137.250	             0	             0	
137.571	             0	             0	
137.893	             0	             0	
138.214	             0	             0	
138.536	             0	             0	
138.857	             0	             0	
139.179	             0	             0	
139.500	             0	             0	
139.821	             0	             0	
140.143	             0	             0	
140.464	             0	             0	
140.786	             0	             0	
141.107	             0	             0	
141.429	             0	             0	
141.750	             0	             0	
142.071	             0	             0	
142.393	             0	             0	
142.714	             0	             0	
143.036	             0	             0	
143.357	             0	             0	
143.679	             0	             0	
144.000	             0	             0	
144.321	             0	             0	
144.643	             0	             0	
144.964	             0	             0	
145.286	             0	             0	
145.607	             0	             0	
145.929	             0	             0	
146.250	             0	             0	
146.571	             0	             0	
146.893	             0	             0	
147.214	             0	             0	
147.536	             0	             0	
147.857	             0	             0	
148.179	             0	             0	
148.500	             0	             0	
148.821	             0	             0	
149.143	             0	             0	
149.464	             0	             0	
149.786	             0	             0	
150.107	             0	             0	
150.429	             0	             0	
150.750	             0	             0	
151.071	             0	             0	
151.393	             0	             0	
151.714	             0	             0	
152.036	             0	             0	
152.357	             0	             0	
152.679	             0	             0	
153.000	             0	             0	
153.321	             0	             0	
153.643	             0	             0	
153.964	             0	             0	
154.286	             0	             0	
154.607	             0	             0	
154.929	             0	             0	
155.250	             0	             0	
155.571	             0	             0	
155.893	             0	             0	
156.214	             0	             0	
156.536	             0	             0	
156.857	             0	             0	
157.179	             0	             0	
157.500	             0	             0	
157.821	             0	             0	
158.143	             0	             0	
158.464	             0	             0	
158.786	             0	             0	
159.107	             0	             0	
159.429	             0	             0	
159.750	             0	             0	
160.071	             0	             0	
160.393	             0	             0	
160.714	             0	             0	
161.036	             0	             0	
161.357	             0	             0	
161.679	             0	             0	
162.000	             0	             0	
162.321	             0	             0	
162.643	             0	             0	
162.964	             0	             0	
163.286	             0	             0	
163.607	             0	             0	
163.929	             0	             0	
164.250	             0	             0	
164.571	             0	             0	
164.893	             0	             0	
165.214	             0	             0	
165.536	             0	             0	
165.857	             0	             0	
166.179	             0	             0	
166.500	             0	             0	
166.821	             0	             0	
167.143	             0	             0	
167.464	             0	             0	
167.786	             0	             0	
168.107	             0	             0	
168.429	             0	             0	
168.750	             0	             0	
169.071	             0	             0	
169.393	             0	             0	
169.714	             0	             0	
170.036	             0	             0	
170.357	             0	             0	
170.679	             0	             0	
171.000	             0	             0	
171.321	             0	             0	
171.643	             0	             0	
171.964	             0	             0	
172.286	             0	             0	
172.607	             0	             0	
172.929	             0	             0	
173.250	             0	             0	
173.571	             0	             0	
173.893	             0	             0	
174.214	             0	             0	
174.536	             0	             0	
174.857	             0	             0	
175.179	             0	             0	
175.500	             0	             0	
175.821	             0	             0	
176.143	             0	             0	
176.464	             0	             0	
176.786	             0	             0	
177.107	             0	             0	
177.429	             0	             0	
177.750	             0	             0	
178.071	             0	             0	
178.393	             0	             0	
178.714	             0	             0	
179.036	             0	             0	
179.357	             0	             0	
179.679	             0	             0	
180.000	             0	             0	
