
TracePro Release: 3 2 0 
Polar Candela Distribution Data for 
Data covers +/- 180.000 degrees from Normal
Data for Missed Rays
Data generated at 09:24:16 September 02, 2025

	   0.0	 180.0
0.000	             0	             0	
0.321	             0	             0	
0.643	             0	             0	
0.964	             0	             0	
1.286	             0	             0	
1.607	             0	             0	
1.929	             0	     0.0971729	
2.250	             0	     0.0971729	
2.571	     0.0586279	     0.0952568	
2.893	     0.0586279	     0.0952568	
3.214	             0	             0	
3.536	             0	             0	
3.857	             0	             0	
4.179	             0	     0.0892343	
4.500	             0	     0.0892343	
4.821	             0	             0	
5.143	             0	             0	
5.464	      0.104714	      0.165334	
5.786	      0.104714	      0.165334	
6.107	             0	             0	
6.429	             0	             0	
6.750	             0	             0	
7.071	             0	             0	
7.393	             0	      0.151927	
7.714	             0	      0.151927	
8.036	             0	      0.151927	
8.357	             0	             0	
8.679	             0	             0	
9.000	             0	      0.142191	
9.321	             0	      0.142191	
9.643	             0	      0.204417	
9.964	             0	      0.204417	
10.286	             0	             0	
10.607	             0	             0	
10.929	             0	             0	
11.250	             0	             0	
11.571	             0	             0	
11.893	             0	      0.185837	
12.214	             0	      0.185837	
12.536	             0	             0	
12.857	             0	             0	
13.179	             0	      0.058088	
13.500	             0	      0.058088	
13.821	      0.289609	             0	
14.143	      0.289609	             0	
14.464	             0	     0.0551846	
14.786	             0	     0.0551846	
15.107	             0	     0.0551846	
15.429	             0	       0.10775	
15.750	             0	       0.10775	
16.071	             0	             0	
16.393	             0	             0	
16.714	       796.748	             0	
17.036	       796.748	             0	
17.357	             0	             0	
17.679	             0	             0	
18.000	             0	             0	
18.321	             0	             0	
18.643	             0	             0	
18.964	             0	             0	
19.286	             0	             0	
19.607	             0	             0	
19.929	             0	             0	
20.250	             0	             0	
20.571	             0	             0	
20.893	             0	             0	
21.214	             0	             0	
21.536	             0	             0	
21.857	             0	             0	
22.179	      0.401104	             0	
22.500	      0.401104	             0	
22.821	      0.401104	             0	
23.143	      0.076268	             0	
23.464	      0.076268	             0	
23.786	             0	             0	
24.107	             0	             0	
24.429	             0	             0	
24.750	             0	             0	
25.071	             0	             0	
25.393	             0	             0	
25.714	      0.500039	             0	
26.036	      0.500039	             0	
26.357	      0.500039	             0	
26.679	             0	             0	
27.000	             0	             0	
27.321	      0.255828	             0	
27.643	      0.255828	             0	
27.964	             0	             0	
28.286	             0	             0	
28.607	             0	             0	
28.929	             0	             0	
29.250	             0	             0	
29.571	             0	             0	
29.893	             0	             0	
30.214	             0	             0	
30.536	             0	             0	
30.857	             0	             0	
31.179	             0	             0	
31.500	             0	             0	
31.821	             0	             0	
32.143	             0	             0	
32.464	             0	             0	
32.786	      0.273372	             0	
33.107	      0.273372	             0	
33.429	             0	             0	
33.750	             0	             0	
34.071	             0	             0	
34.393	             0	             0	
34.714	             0	             0	
35.036	     0.0852951	             0	
35.357	     0.0852951	             0	
35.679	             0	             0	
36.000	             0	             0	
36.321	     0.0892405	     0.0998126	
36.643	     0.0892405	     0.0998126	
36.964	     0.0817663	             0	
37.286	     0.0817663	             0	
37.607	     0.0817663	             0	
37.929	             0	             0	
38.250	             0	             0	
38.571	             0	             0	
38.893	             0	             0	
39.214	             0	             0	
39.536	             0	             0	
39.857	             0	             0	
40.179	             0	             0	
40.500	             0	      0.310572	
40.821	             0	      0.310572	
41.143	             0	             0	
41.464	             0	             0	
41.786	             0	             0	
42.107	             0	             0	
42.429	             0	             0	
42.750	             0	             0	
43.071	             0	             0	
43.393	             0	      0.147665	
43.714	             0	      0.147665	
44.036	             0	       56.7376	
44.357	             0	       56.7376	
44.679	             0	             0	
45.000	             0	             0	
45.321	             0	             0	
45.643	             0	             0	
45.964	             0	             0	
46.286	             0	             0	
46.607	             0	             0	
46.929	             0	             0	
47.250	             0	             0	
47.571	             0	             0	
47.893	             0	             0	
48.214	             0	             0	
48.536	             0	             0	
48.857	             0	             0	
49.179	             0	             0	
49.500	             0	             0	
49.821	             0	             0	
50.143	             0	             0	
50.464	             0	     0.0976336	
50.786	             0	     0.0976336	
51.107	             0	             0	
51.429	             0	             0	
51.750	             0	       6.58477	
52.071	             0	       6.58477	
52.393	             0	             0	
52.714	             0	             0	
53.036	             0	             0	
53.357	             0	             0	
53.679	             0	             0	
54.000	             0	             0	
54.321	             0	             0	
54.643	             0	             0	
54.964	             0	             0	
55.286	             0	             0	
55.607	             0	             0	
55.929	             0	             0	
56.250	             0	             0	
56.571	             0	             0	
56.893	             0	             0	
57.214	             0	             0	
57.536	             0	      0.133033	
57.857	             0	      0.133033	
58.179	      0.776951	             0	
58.500	      0.776951	             0	
58.821	        1.5246	             0	
59.143	        1.5246	             0	
59.464	             0	             0	
59.786	             0	             0	
60.107	             0	             0	
60.429	             0	             0	
60.750	             0	             0	
61.071	             0	             0	
61.393	             0	             0	
61.714	       2.86278	             0	
62.036	       2.86278	             0	
62.357	       1.66669	      0.098882	
62.679	       1.66669	      0.098882	
63.000	      0.640089	             0	
63.321	      0.640089	             0	
63.643	       1.72031	             0	
63.964	       1.72031	             0	
64.286	       1.72031	             0	
64.607	       2.61197	             0	
64.929	       2.61197	             0	
65.250	             0	             0	
65.571	             0	             0	
65.893	       1.77633	             0	
66.214	       1.77633	             0	
66.536	       1.79562	             0	
66.857	       1.79562	             0	
67.179	       2.27314	             0	
67.500	       2.27314	             0	
67.821	       2.27314	             0	
68.143	       5.48849	             0	
68.464	       5.48849	             0	
68.786	       2.76005	             0	
69.107	       2.76005	             0	
69.429	       1.84899	             0	
69.750	       1.84899	             0	
70.071	       1.85892	             0	
70.393	       1.85892	             0	
70.714	       1.87275	             0	
71.036	       1.87275	             0	
71.357	       1.87275	             0	
71.679	       3.76325	             0	
72.000	       3.76325	             0	
72.321	      0.945629	             0	
72.643	      0.945629	             0	
72.964	       5.68755	             0	
73.286	       5.68755	             0	
73.607	       3.80265	             0	
73.929	       3.80265	             0	
74.250	      0.953053	             0	
74.571	      0.953053	             0	
74.893	       7.65354	             0	
75.214	       7.65354	             0	
75.536	       7.65354	             0	
75.857	      0.959543	             0	
76.179	      0.959543	             0	
76.500	       2.88016	             0	
76.821	       2.88016	             0	
77.143	       4.81053	             0	
77.464	       4.81053	             0	
77.786	       2.89179	             0	
78.107	       2.89179	             0	
78.429	       4.82566	             0	
78.750	       4.82566	             0	
79.071	       4.82566	             0	
79.393	        5.7969	             0	
79.714	        5.7969	             0	
80.036	       6.77155	             0	
80.357	       6.77155	             0	
80.679	       2.90411	             0	
81.000	       2.90411	             0	
81.321	       3.87518	             0	
81.643	       3.87518	             0	
81.964	        5.8158	             0	
82.286	        5.8158	             0	
82.607	        5.8158	             0	
82.929	       5.81833	             0	
83.250	       5.81833	             0	
83.571	       6.79009	             0	
83.893	       6.79009	             0	
84.214	       2.91084	             0	
84.536	       2.91084	             0	
84.857	       8.73486	             0	
85.179	       8.73486	             0	
85.500	       3.88263	             0	
85.821	       3.88263	             0	
86.143	       13.5907	             0	
86.464	       13.5907	             0	
86.786	       13.5907	             0	
87.107	       7.76671	             0	
87.429	       7.76671	             0	
87.750	       3.88361	             0	
88.071	       3.88361	             0	
88.393	        5.8256	             0	
88.714	        5.8256	             0	
89.036	      0.970955	             0	
89.357	      0.970955	             0	
89.679	       14.5644	             0	
90.000	       14.5644	             0	
90.321	       14.5644	             0	
90.643	       15.5355	             0	
90.964	       15.5355	             0	
91.286	       5.82581	             0	
91.607	       5.82581	             0	
91.929	       343.723	             0	
92.250	       343.723	             0	
92.571	             0	             0	
92.893	             0	             0	
93.214	             0	             0	
93.536	             0	             0	
93.857	             0	             0	
94.179	             0	             0	
94.500	             0	             0	
94.821	             0	             0	
95.143	             0	             0	
95.464	             0	             0	
95.786	             0	             0	
96.107	             0	             0	
96.429	             0	             0	
96.750	             0	             0	
97.071	             0	             0	
97.393	             0	             0	
97.714	             0	             0	
98.036	             0	             0	
98.357	             0	             0	
98.679	             0	             0	
99.000	             0	             0	
99.321	             0	             0	
99.643	             0	             0	
99.964	             0	             0	
100.286	             0	             0	
100.607	             0	             0	
100.929	             0	             0	
101.250	             0	             0	
101.571	             0	             0	
101.893	             0	             0	
102.214	             0	             0	
102.536	             0	             0	
102.857	             0	             0	
103.179	             0	             0	
103.500	             0	             0	
103.821	             0	             0	
104.143	             0	             0	
104.464	             0	             0	
104.786	             0	             0	
105.107	             0	             0	
105.429	             0	             0	
105.750	             0	             0	
106.071	             0	             0	
106.393	             0	             0	
106.714	             0	             0	
107.036	             0	             0	
107.357	             0	             0	
107.679	             0	             0	
108.000	             0	             0	
108.321	             0	             0	
108.643	             0	             0	
108.964	             0	             0	
109.286	             0	             0	
109.607	      0.110986	             0	
109.929	      0.110986	             0	
110.250	             0	             0	
110.571	             0	             0	
110.893	             0	             0	
111.214	             0	             0	
111.536	             0	             0	
111.857	             0	             0	
112.179	             0	             0	
112.500	             0	             0	
112.821	             0	             0	
113.143	             0	             0	
113.464	             0	             0	
113.786	             0	             0	
114.107	             0	             0	
114.429	             0	             0	
114.750	             0	             0	
115.071	             0	             0	
115.393	             0	             0	
115.714	             0	             0	
116.036	             0	             0	
116.357	             0	             0	
116.679	             0	             0	
117.000	             0	             0	
117.321	             0	             0	
117.643	             0	             0	
117.964	             0	             0	
118.286	             0	             0	
118.607	             0	             0	
118.929	             0	             0	
119.250	             0	             0	
119.571	             0	             0	
119.893	             0	             0	
120.214	             0	             0	
120.536	             0	             0	
120.857	             0	             0	
121.179	             0	             0	
121.500	             0	             0	
121.821	             0	             0	
122.143	             0	             0	
122.464	             0	             0	
122.786	             0	             0	
123.107	             0	             0	
123.429	             0	             0	
123.750	             0	             0	
124.071	             0	             0	
124.393	             0	             0	
124.714	             0	             0	
125.036	             0	             0	
125.357	             0	             0	
125.679	             0	             0	
126.000	             0	             0	
126.321	             0	             0	
126.643	             0	             0	
126.964	             0	             0	
127.286	             0	             0	
127.607	             0	             0	
127.929	             0	             0	
128.250	             0	             0	
128.571	             0	             0	
128.893	             0	             0	
129.214	             0	             0	
129.536	             0	             0	
129.857	             0	             0	
130.179	             0	             0	
130.500	             0	             0	
130.821	             0	             0	
131.143	             0	             0	
131.464	             0	             0	
131.786	             0	             0	
132.107	             0	             0	
132.429	             0	             0	
132.750	             0	             0	
133.071	             0	             0	
133.393	             0	             0	
133.714	             0	             0	
134.036	             0	             0	
134.357	             0	             0	
134.679	             0	             0	
135.000	             0	             0	
135.321	             0	             0	
135.643	             0	             0	
135.964	             0	             0	
136.286	             0	             0	
136.607	             0	             0	
136.929	             0	             0	
137.250	             0	             0	
137.571	             0	             0	
137.893	             0	             0	
138.214	             0	             0	
138.536	             0	             0	
138.857	             0	             0	
139.179	             0	             0	
139.500	             0	             0	
139.821	             0	             0	
140.143	             0	             0	
140.464	             0	             0	
140.786	             0	             0	
141.107	             0	             0	
141.429	             0	             0	
141.750	             0	             0	
142.071	             0	             0	
142.393	             0	             0	
142.714	             0	             0	
143.036	             0	             0	
143.357	             0	             0	
143.679	             0	             0	
144.000	             0	             0	
144.321	             0	             0	
144.643	             0	             0	
144.964	             0	             0	
145.286	             0	             0	
145.607	             0	             0	
145.929	             0	             0	
146.250	             0	             0	
146.571	             0	             0	
146.893	             0	             0	
147.214	             0	             0	
147.536	             0	             0	
147.857	             0	             0	
148.179	             0	             0	
148.500	             0	             0	
148.821	             0	             0	
149.143	             0	             0	
149.464	             0	             0	
149.786	             0	             0	
150.107	             0	             0	
150.429	             0	             0	
150.750	             0	             0	
151.071	             0	             0	
151.393	             0	             0	
151.714	             0	             0	
152.036	             0	             0	
152.357	             0	             0	
152.679	             0	             0	
153.000	             0	             0	
153.321	             0	             0	
153.643	             0	             0	
153.964	             0	             0	
154.286	             0	             0	
154.607	             0	             0	
154.929	             0	             0	
155.250	             0	             0	
155.571	             0	             0	
155.893	             0	             0	
156.214	             0	             0	
156.536	             0	             0	
156.857	             0	             0	
157.179	             0	             0	
157.500	             0	             0	
157.821	             0	             0	
158.143	             0	             0	
158.464	             0	             0	
158.786	             0	             0	
159.107	             0	             0	
159.429	             0	             0	
159.750	             0	             0	
160.071	             0	             0	
160.393	             0	             0	
160.714	             0	             0	
161.036	             0	             0	
161.357	             0	             0	
161.679	             0	             0	
162.000	             0	             0	
162.321	             0	             0	
162.643	             0	             0	
162.964	             0	             0	
163.286	             0	             0	
163.607	             0	             0	
163.929	             0	             0	
164.250	             0	             0	
164.571	             0	             0	
164.893	             0	             0	
165.214	             0	             0	
165.536	             0	             0	
165.857	             0	             0	
166.179	             0	             0	
166.500	             0	             0	
166.821	             0	             0	
167.143	             0	             0	
167.464	             0	             0	
167.786	             0	             0	
168.107	             0	             0	
168.429	             0	             0	
168.750	             0	             0	
169.071	             0	             0	
169.393	             0	             0	
169.714	             0	             0	
170.036	             0	             0	
170.357	             0	             0	
170.679	             0	             0	
171.000	             0	             0	
171.321	             0	             0	
171.643	             0	             0	
171.964	             0	             0	
172.286	             0	             0	
172.607	             0	             0	
172.929	             0	             0	
173.250	             0	             0	
173.571	             0	             0	
173.893	             0	             0	
174.214	             0	             0	
174.536	             0	             0	
174.857	             0	             0	
175.179	             0	             0	
175.500	             0	             0	
175.821	             0	             0	
176.143	             0	             0	
176.464	             0	             0	
176.786	             0	             0	
177.107	             0	             0	
177.429	             0	             0	
177.750	             0	             0	
178.071	             0	             0	
178.393	             0	             0	
178.714	             0	             0	
179.036	             0	             0	
179.357	             0	             0	
179.679	             0	             0	
180.000	             0	             0	
