
TracePro Release: 3 2 0 
Polar Candela Distribution Data for 
Data covers +/- 180.000 degrees from Normal
Data for Missed Rays
Data generated at 15:41:23 September 06, 2025

	   0.0	 180.0
0.000	             0	             0	
0.321	             0	             0	
0.643	             0	             0	
0.964	             0	             0	
1.286	      0.227877	       3.33732	
1.607	      0.227877	       3.33732	
1.929	      0.213848	      0.933891	
2.250	      0.213848	      0.933891	
2.571	      0.704241	             0	
2.893	      0.704241	             0	
3.214	       3.31296	      0.895209	
3.536	       3.31296	      0.895209	
3.857	       3.31296	      0.895209	
4.179	        1.3783	       1.83183	
4.500	        1.3783	       1.83183	
4.821	             0	       9.79533	
5.143	             0	       9.79533	
5.464	       1.00178	       2.96243	
5.786	       1.00178	       2.96243	
6.107	       3.00025	       4.53539	
6.429	       3.00025	       4.53539	
6.750	             0	     0.0582814	
7.071	             0	     0.0582814	
7.393	       1.97949	             0	
7.714	       1.97949	             0	
8.036	       1.97949	             0	
8.357	             0	      0.732543	
8.679	             0	      0.732543	
9.000	         1.929	      0.672574	
9.321	         1.929	      0.672574	
9.643	       0.65097	       1.31793	
9.964	       0.65097	       1.31793	
10.286	       7.03771	             0	
10.607	       7.03771	             0	
10.929	       1.44685	             0	
11.250	       1.44685	             0	
11.571	       1.44685	             0	
11.893	       4.54226	             0	
12.214	       4.54226	             0	
12.536	       1.63445	       2.85594	
12.857	       1.63445	       2.85594	
13.179	       3.02182	      0.257073	
13.500	       3.02182	      0.257073	
13.821	             0	       3.04483	
14.143	             0	       3.04483	
14.464	       2.17939	             0	
14.786	       2.17939	             0	
15.107	       2.17939	             0	
15.429	       1.32158	      0.464314	
15.750	       1.32158	      0.464314	
16.071	       2.85536	             0	
16.393	       2.85536	             0	
16.714	      0.214073	             0	
17.036	      0.214073	             0	
17.357	       3.30785	       1.05752	
17.679	       3.30785	       1.05752	
18.000	        2.5564	       2.44017	
18.321	        2.5564	       2.44017	
18.643	       2.26173	      0.559826	
18.964	       2.26173	      0.559826	
19.286	       2.26173	      0.559826	
19.607	       1.60089	      0.988238	
19.929	       1.60089	      0.988238	
20.250	       4.99845	             0	
20.571	       4.99845	             0	
20.893	       2.87734	       0.17048	
21.214	       2.87734	       0.17048	
21.536	      0.812982	             0	
21.857	      0.812982	             0	
22.179	      0.840956	             0	
22.500	      0.840956	             0	
22.821	      0.840956	             0	
23.143	       1.63884	       1.28701	
23.464	       1.63884	       1.28701	
23.786	             0	             0	
24.107	             0	             0	
24.429	      0.641685	       2.12999	
24.750	      0.641685	       2.12999	
25.071	       12.0384	      0.253074	
25.393	       12.0384	      0.253074	
25.714	      0.821091	      0.132392	
26.036	      0.821091	      0.132392	
26.357	      0.821091	      0.132392	
26.679	      0.235959	       4.60423	
27.000	      0.235959	       4.60423	
27.321	       2.90808	      0.822532	
27.643	       2.90808	      0.822532	
27.964	       0.41758	       8.84497	
28.286	       0.41758	       8.84497	
28.607	       1.39552	       0.75433	
28.929	       1.39552	       0.75433	
29.250	             0	       1.52466	
29.571	             0	       1.52466	
29.893	       1.40533	       1.26478	
30.214	       1.40533	       1.26478	
30.536	       1.40533	       1.26478	
30.857	      0.803564	       1.67164	
31.179	      0.803564	       1.67164	
31.500	       1.68688	             0	
31.821	       1.68688	             0	
32.143	      0.422735	     0.0982558	
32.464	      0.422735	     0.0982558	
32.786	      0.929879	      0.717712	
33.107	      0.929879	      0.717712	
33.429	       1.82399	     0.0892445	
33.750	       1.82399	     0.0892445	
34.071	       1.82399	     0.0892445	
34.393	      0.121826	       3.46124	
34.714	      0.121826	       3.46124	
35.036	      0.114291	       728.495	
35.357	      0.114291	       728.495	
35.679	        3.2479	       13.9455	
36.000	        3.2479	       13.9455	
36.321	      0.105931	       8.47117	
36.643	      0.105931	       8.47117	
36.964	       1.98692	       9.16028	
37.286	       1.98692	       9.16028	
37.607	       1.98692	       9.16028	
37.929	       1.74645	      0.773705	
38.250	       1.74645	      0.773705	
38.571	      0.177803	       1.67697	
38.893	      0.177803	       1.67697	
39.214	       1.43183	       4.85137	
39.536	       1.43183	       4.85137	
39.857	      0.781094	       4.60239	
40.179	      0.781094	       4.60239	
40.500	       1.53764	       3.69624	
40.821	       1.53764	       3.69624	
41.143	      0.147454	       4.99897	
41.464	      0.147454	       4.99897	
41.786	      0.147454	       4.99897	
42.107	     0.0716654	       1.77706	
42.429	     0.0716654	       1.77706	
42.750	             0	       1.54565	
43.071	             0	       1.54565	
43.393	        1.3663	      0.929623	
43.714	        1.3663	      0.929623	
44.036	      0.731484	      0.165857	
44.357	      0.731484	      0.165857	
44.679	       1.03012	       1.53221	
45.000	       1.03012	       1.53221	
45.321	       1.03012	       1.53221	
45.643	             0	      0.630362	
45.964	             0	      0.630362	
46.286	     0.0532605	       1.20852	
46.607	     0.0532605	       1.20852	
46.929	       2.52902	      0.779763	
47.250	       2.52902	      0.779763	
47.571	             0	      0.186546	
47.893	             0	      0.186546	
48.214	             0	      0.137513	
48.536	             0	      0.137513	
48.857	             0	      0.137513	
49.179	             0	     0.0914236	
49.500	             0	     0.0914236	
49.821	             0	      0.192909	
50.143	             0	      0.192909	
50.464	             0	             0	
50.786	             0	             0	
51.107	      0.723631	      0.153939	
51.429	      0.723631	      0.153939	
51.750	             0	     0.0691486	
52.071	             0	     0.0691486	
52.393	             0	             0	
52.714	             0	             0	
53.036	             0	             0	
53.357	      0.122803	     0.0848521	
53.679	      0.122803	     0.0848521	
54.000	      0.985291	      0.284676	
54.321	      0.985291	      0.284676	
54.643	             0	      0.304016	
54.964	             0	      0.304016	
55.286	      0.932641	       0.70797	
55.607	      0.932641	       0.70797	
55.929	             0	       2.07056	
56.250	             0	       2.07056	
56.571	             0	       2.07056	
56.893	             0	             0	
57.214	             0	             0	
57.536	             0	        0.1488	
57.857	             0	        0.1488	
58.179	             0	      0.121621	
58.500	             0	      0.121621	
58.821	      0.497492	             0	
59.143	      0.497492	             0	
59.464	             0	      0.123909	
59.786	             0	      0.123909	
60.107	             0	      0.123909	
60.429	             0	      0.568908	
60.750	             0	      0.568908	
61.071	             0	       0.37317	
61.393	             0	       0.37317	
61.714	             0	       0.73224	
62.036	             0	       0.73224	
62.357	             0	      0.236374	
62.679	             0	      0.236374	
63.000	             0	      0.325466	
63.321	             0	      0.325466	
63.643	             0	      0.552093	
63.964	             0	      0.552093	
64.286	             0	      0.552093	
64.607	             0	      0.115737	
64.929	             0	      0.115737	
65.250	             0	      0.370394	
65.571	             0	      0.370394	
65.893	             0	     0.0552399	
66.214	             0	     0.0552399	
66.536	             0	      0.401354	
66.857	             0	      0.401354	
67.179	             0	      0.137594	
67.500	             0	      0.137594	
67.821	             0	      0.137594	
68.143	      0.219037	      0.286428	
68.464	      0.219037	      0.286428	
68.786	      0.933832	      0.343924	
69.107	      0.933832	      0.343924	
69.429	             0	      0.887132	
69.750	             0	      0.887132	
70.071	             0	      0.345307	
70.393	             0	      0.345307	
70.714	             0	      0.197468	
71.036	             0	      0.197468	
71.357	             0	      0.197468	
71.679	      0.142945	      0.274934	
72.000	      0.142945	      0.274934	
72.321	             0	     0.0564234	
72.643	             0	     0.0564234	
72.964	             0	             0	
73.286	             0	             0	
73.607	      0.130518	      0.169587	
73.929	      0.130518	      0.169587	
74.250	      0.791446	      0.315535	
74.571	      0.791446	      0.315535	
74.893	             0	     0.0501237	
75.214	             0	     0.0501237	
75.536	             0	     0.0501237	
75.857	             0	             0	
76.179	             0	             0	
76.500	             0	             0	
76.821	             0	             0	
77.143	             0	             0	
77.464	             0	             0	
77.786	             0	             0	
78.107	             0	             0	
78.429	             0	             0	
78.750	             0	             0	
79.071	             0	             0	
79.393	             0	             0	
79.714	             0	             0	
80.036	     0.0993088	             0	
80.357	     0.0993088	             0	
80.679	     0.0976579	             0	
81.000	     0.0976579	             0	
81.321	             0	             0	
81.643	             0	             0	
81.964	             0	             0	
82.286	             0	             0	
82.607	             0	             0	
82.929	       1.43248	             0	
83.250	       1.43248	             0	
83.571	             0	             0	
83.893	             0	             0	
84.214	             0	             0	
84.536	             0	             0	
84.857	             0	             0	
85.179	             0	             0	
85.500	     0.0552402	             0	
85.821	     0.0552402	             0	
86.143	             0	             0	
86.464	             0	             0	
86.786	             0	             0	
87.107	             0	             0	
87.429	             0	             0	
87.750	             0	             0	
88.071	             0	             0	
88.393	      0.351047	             0	
88.714	      0.351047	             0	
89.036	     0.0522096	             0	
89.357	     0.0522096	             0	
89.679	             0	             0	
90.000	             0	             0	
90.321	             0	             0	
90.643	             0	             0	
90.964	             0	             0	
91.286	             0	             0	
91.607	             0	             0	
91.929	             0	             0	
92.250	             0	             0	
92.571	        0.2052	             0	
92.893	        0.2052	             0	
93.214	             0	             0	
93.536	             0	             0	
93.857	             0	             0	
94.179	             0	             0	
94.500	             0	             0	
94.821	             0	             0	
95.143	             0	             0	
95.464	             0	             0	
95.786	             0	             0	
96.107	      0.816436	             0	
96.429	      0.816436	             0	
96.750	             0	             0	
97.071	             0	             0	
97.393	             0	             0	
97.714	             0	             0	
98.036	             0	             0	
98.357	             0	             0	
98.679	             0	             0	
99.000	      0.591455	             0	
99.321	      0.591455	             0	
99.643	             0	             0	
99.964	             0	             0	
100.286	      0.651386	             0	
100.607	      0.651386	             0	
100.929	      0.667423	             0	
101.250	      0.667423	             0	
101.571	      0.667423	             0	
101.893	             0	             0	
102.214	             0	             0	
102.536	      0.729587	             0	
102.857	      0.729587	             0	
103.179	             0	             0	
103.500	             0	             0	
103.821	      0.754183	             0	
104.143	      0.754183	             0	
104.464	       1.56156	             0	
104.786	       1.56156	             0	
105.107	       1.56156	             0	
105.429	       1.60499	             0	
105.750	       1.60499	             0	
106.071	      0.815053	             0	
106.393	      0.815053	             0	
106.714	             0	             0	
107.036	             0	             0	
107.357	             0	             0	
107.679	             0	             0	
108.000	       2.55547	             0	
108.321	       2.55547	             0	
108.643	             0	             0	
108.964	             0	             0	
109.286	             0	             0	
109.607	       3.48574	             0	
109.929	       3.48574	             0	
110.250	      0.369667	             0	
110.571	      0.369667	             0	
110.893	      0.539345	             0	
111.214	      0.539345	             0	
111.536	             0	             0	
111.857	             0	             0	
112.179	      0.569481	             0	
112.500	      0.569481	             0	
112.821	      0.569481	             0	
113.143	       0.29951	             0	
113.464	       0.29951	             0	
113.786	      0.279157	             0	
114.107	      0.279157	             0	
114.429	      0.186836	             0	
114.750	      0.186836	             0	
115.071	      0.211391	             0	
115.393	      0.211391	             0	
115.714	     0.0972728	             0	
116.036	     0.0972728	             0	
116.357	     0.0972728	             0	
116.679	      0.477971	             0	
117.000	      0.477971	             0	
117.321	      0.208282	             0	
117.643	      0.208282	             0	
117.964	      0.275664	             0	
118.286	      0.275664	             0	
118.607	      0.123536	             0	
118.929	      0.123536	             0	
119.250	      0.273643	             0	
119.571	      0.273643	             0	
119.893	     0.0513224	             0	
120.214	     0.0513224	             0	
120.536	     0.0513224	             0	
120.857	             0	             0	
121.179	             0	             0	
121.500	             0	             0	
121.821	             0	             0	
122.143	             0	             0	
122.464	             0	             0	
122.786	             0	             0	
123.107	             0	             0	
123.429	             0	             0	
123.750	             0	             0	
124.071	             0	             0	
124.393	             0	             0	
124.714	             0	             0	
125.036	             0	             0	
125.357	             0	             0	
125.679	             0	             0	
126.000	             0	             0	
126.321	             0	             0	
126.643	             0	             0	
126.964	             0	             0	
127.286	             0	             0	
127.607	             0	             0	
127.929	             0	             0	
128.250	             0	             0	
128.571	             0	             0	
128.893	             0	             0	
129.214	             0	             0	
129.536	             0	             0	
129.857	             0	             0	
130.179	             0	             0	
130.500	             0	             0	
130.821	             0	             0	
131.143	             0	             0	
131.464	             0	             0	
131.786	             0	             0	
132.107	             0	             0	
132.429	             0	             0	
132.750	             0	             0	
133.071	             0	             0	
133.393	             0	             0	
133.714	             0	             0	
134.036	             0	             0	
134.357	             0	             0	
134.679	             0	             0	
135.000	             0	             0	
135.321	             0	             0	
135.643	             0	             0	
135.964	             0	             0	
136.286	             0	             0	
136.607	             0	             0	
136.929	             0	             0	
137.250	             0	             0	
137.571	             0	             0	
137.893	             0	             0	
138.214	             0	             0	
138.536	             0	             0	
138.857	             0	             0	
139.179	             0	             0	
139.500	             0	             0	
139.821	             0	             0	
140.143	             0	             0	
140.464	             0	             0	
140.786	             0	             0	
141.107	             0	             0	
141.429	             0	             0	
141.750	             0	             0	
142.071	             0	             0	
142.393	             0	             0	
142.714	             0	             0	
143.036	             0	             0	
143.357	             0	             0	
143.679	             0	             0	
144.000	             0	             0	
144.321	             0	             0	
144.643	             0	             0	
144.964	             0	             0	
145.286	             0	             0	
145.607	             0	             0	
145.929	             0	             0	
146.250	             0	             0	
146.571	             0	             0	
146.893	             0	             0	
147.214	             0	             0	
147.536	             0	             0	
147.857	             0	             0	
148.179	             0	             0	
148.500	             0	             0	
148.821	             0	             0	
149.143	             0	             0	
149.464	             0	             0	
149.786	             0	             0	
150.107	             0	             0	
150.429	             0	             0	
150.750	             0	             0	
151.071	             0	             0	
151.393	             0	             0	
151.714	             0	             0	
152.036	             0	             0	
152.357	             0	             0	
152.679	             0	             0	
153.000	             0	             0	
153.321	             0	             0	
153.643	             0	             0	
153.964	             0	             0	
154.286	             0	             0	
154.607	             0	             0	
154.929	             0	             0	
155.250	             0	             0	
155.571	             0	             0	
155.893	             0	             0	
156.214	             0	             0	
156.536	             0	             0	
156.857	             0	             0	
157.179	             0	             0	
157.500	             0	             0	
157.821	             0	             0	
158.143	             0	             0	
158.464	             0	             0	
158.786	             0	             0	
159.107	             0	             0	
159.429	             0	             0	
159.750	             0	             0	
160.071	             0	             0	
160.393	             0	             0	
160.714	             0	             0	
161.036	             0	             0	
161.357	             0	             0	
161.679	             0	             0	
162.000	             0	             0	
162.321	             0	             0	
162.643	             0	             0	
162.964	             0	             0	
163.286	             0	             0	
163.607	             0	             0	
163.929	             0	             0	
164.250	             0	             0	
164.571	             0	             0	
164.893	             0	             0	
165.214	             0	             0	
165.536	             0	             0	
165.857	             0	             0	
166.179	             0	             0	
166.500	             0	             0	
166.821	             0	             0	
167.143	             0	             0	
167.464	             0	             0	
167.786	             0	             0	
168.107	             0	             0	
168.429	             0	             0	
168.750	             0	             0	
169.071	             0	             0	
169.393	             0	             0	
169.714	             0	             0	
170.036	             0	             0	
170.357	             0	             0	
170.679	             0	             0	
171.000	             0	             0	
171.321	             0	             0	
171.643	             0	             0	
171.964	             0	             0	
172.286	             0	             0	
172.607	             0	             0	
172.929	             0	             0	
173.250	             0	             0	
173.571	             0	             0	
173.893	             0	             0	
174.214	             0	             0	
174.536	             0	             0	
174.857	             0	             0	
175.179	             0	             0	
175.500	             0	             0	
175.821	             0	             0	
176.143	             0	             0	
176.464	             0	             0	
176.786	             0	             0	
177.107	             0	             0	
177.429	             0	             0	
177.750	             0	             0	
178.071	             0	             0	
178.393	             0	             0	
178.714	             0	             0	
179.036	             0	             0	
179.357	             0	             0	
179.679	             0	             0	
180.000	             0	             0	
