
TracePro Release: 3 2 0 
Polar Candela Distribution Data for 
Data covers +/- 180.000 degrees from Normal
Data for Missed Rays
Data generated at 11:12:18 September 08, 2025

	   0.0	 180.0
0.000	     0.0526498	     0.0526498	
0.321	     0.0526498	     0.0526498	
0.643	      0.103835	      0.403082	
0.964	      0.103835	      0.403082	
1.286	       0.13933	             0	
1.607	       0.13933	             0	
1.929	      0.253167	     0.0528827	
2.250	      0.253167	     0.0528827	
2.571	             0	      0.313645	
2.893	             0	      0.313645	
3.214	             0	      0.307802	
3.536	             0	      0.307802	
3.857	             0	      0.307802	
4.179	     0.0508855	     0.0529716	
4.500	     0.0508855	     0.0529716	
4.821	             0	             0	
5.143	             0	             0	
5.464	             0	             0	
5.786	             0	             0	
6.107	             0	      0.101397	
6.429	             0	      0.101397	
6.750	             0	      0.181493	
7.071	             0	      0.181493	
7.393	             0	             0	
7.714	             0	             0	
8.036	             0	             0	
8.357	      0.050714	      0.169834	
8.679	      0.050714	      0.169834	
9.000	             0	       0.22396	
9.321	             0	       0.22396	
9.643	             0	      0.161493	
9.964	             0	      0.161493	
10.286	       0.10269	      0.604629	
10.607	       0.10269	      0.604629	
10.929	             0	      0.261614	
11.250	             0	      0.261614	
11.571	             0	      0.261614	
11.893	      0.202943	      0.473291	
12.214	      0.202943	      0.473291	
12.536	      0.051263	             0	
12.857	      0.051263	             0	
13.179	             0	      0.105567	
13.500	             0	      0.105567	
13.821	             0	      0.100486	
14.143	             0	      0.100486	
14.464	       0.10623	      0.135511	
14.786	       0.10623	      0.135511	
15.107	       0.10623	      0.135511	
15.429	             0	      0.102087	
15.750	             0	      0.102087	
16.071	             0	      0.101327	
16.393	             0	      0.101327	
16.714	       0.11139	     0.0507163	
17.036	       0.11139	     0.0507163	
17.357	     0.0523875	             0	
17.679	     0.0523875	             0	
18.000	             0	        1.2943	
18.321	             0	        1.2943	
18.643	             0	       1.93229	
18.964	             0	       1.93229	
19.286	             0	       1.93229	
19.607	             0	             0	
19.929	             0	             0	
20.250	             0	       0.13364	
20.571	             0	       0.13364	
20.893	             0	             0	
21.214	             0	             0	
21.536	      0.165079	      0.125995	
21.857	      0.165079	      0.125995	
22.179	       1.51373	     0.0595793	
22.500	       1.51373	     0.0595793	
22.821	       1.51373	     0.0595793	
23.143	       474.877	      0.118747	
23.464	       474.877	      0.118747	
23.786	       11.3006	             0	
24.107	       11.3006	             0	
24.429	       11.3557	     0.0550989	
24.750	       11.3557	     0.0550989	
25.071	       26.3298	             0	
25.393	       26.3298	             0	
25.714	       17.6561	             0	
26.036	       17.6561	             0	
26.357	       17.6561	             0	
26.679	       11.4891	      0.202957	
27.000	       11.4891	      0.202957	
27.321	        9.7444	             0	
27.643	        9.7444	             0	
27.964	       30.2498	      0.319208	
28.286	       30.2498	      0.319208	
28.607	        16.063	             0	
28.929	        16.063	             0	
29.250	       16.1412	      0.229258	
29.571	       16.1412	      0.229258	
29.893	       21.5486	             0	
30.214	       21.5486	             0	
30.536	       21.5486	             0	
30.857	        18.825	             0	
31.179	        18.825	             0	
31.500	       14.3862	      0.104904	
31.821	       14.3862	      0.104904	
32.143	       23.4862	             0	
32.464	       23.4862	             0	
32.786	       11.7452	     0.0574676	
33.107	       11.7452	     0.0574676	
33.429	       27.2043	     0.0578433	
33.750	       27.2043	     0.0578433	
34.071	       27.2043	     0.0578433	
34.393	       11.7046	      0.207239	
34.714	       11.7046	      0.207239	
35.036	       12.7008	      0.637404	
35.357	       12.7008	      0.637404	
35.679	       32.6571	             0	
36.000	       32.6571	             0	
36.321	       4.53328	             0	
36.643	       4.53328	             0	
36.964	       14.5185	      0.231838	
37.286	       14.5185	      0.231838	
37.607	       14.5185	      0.231838	
37.929	       32.4664	             0	
38.250	       32.4664	             0	
38.571	       9.16031	             0	
38.893	       9.16031	             0	
39.214	       34.4401	       0.11584	
39.536	       34.4401	       0.11584	
39.857	       10.8489	       0.26039	
40.179	       10.8489	       0.26039	
40.500	       5.44718	     0.0572726	
40.821	       5.44718	     0.0572726	
41.143	        21.775	             0	
41.464	        21.775	             0	
41.786	        21.775	             0	
42.107	       8.19701	             0	
42.429	       8.19701	             0	
42.750	       5.43806	             0	
43.071	       5.43806	             0	
43.393	       9.18193	             0	
43.714	       9.18193	             0	
44.036	             0	             0	
44.357	             0	             0	
44.679	       3.28305	             0	
45.000	       3.28305	             0	
45.321	       3.28305	             0	
45.643	       3.25555	             0	
45.964	       3.25555	             0	
46.286	             0	       1.58865	
46.607	             0	       1.58865	
46.929	      0.106643	      0.999287	
47.250	      0.106643	      0.999287	
47.571	             0	      0.866368	
47.893	             0	      0.866368	
48.214	      0.796134	        1.1294	
48.536	      0.796134	        1.1294	
48.857	      0.796134	        1.1294	
49.179	       3.16908	       1.22688	
49.500	       3.16908	       1.22688	
49.821	             0	       1.53153	
50.143	             0	       1.53153	
50.464	             0	      0.937421	
50.786	             0	      0.937421	
51.107	             0	       1.15305	
51.429	             0	       1.15305	
51.750	      0.777197	       1.04471	
52.071	      0.777197	       1.04471	
52.393	             0	       33.0724	
52.714	             0	       33.0724	
53.036	             0	       33.0724	
53.357	             0	      0.996853	
53.679	             0	      0.996853	
54.000	        0.7609	       2.05559	
54.321	        0.7609	       2.05559	
54.643	             0	       1.16254	
54.964	             0	       1.16254	
55.286	             0	      0.673018	
55.607	             0	      0.673018	
55.929	             0	             0	
56.250	             0	             0	
56.571	             0	             0	
56.893	             0	             0	
57.214	             0	             0	
57.536	       0.73311	             0	
57.857	       0.73311	             0	
58.179	             0	             0	
58.500	             0	             0	
58.821	             0	             0	
59.143	             0	             0	
59.464	      0.718853	             0	
59.786	      0.718853	             0	
60.107	      0.718853	             0	
60.429	             0	             0	
60.750	             0	             0	
61.071	             0	             0	
61.393	             0	             0	
61.714	             0	             0	
62.036	             0	             0	
62.357	      0.689954	             0	
62.679	      0.689954	             0	
63.000	             0	             0	
63.321	             0	             0	
63.643	             0	             0	
63.964	             0	             0	
64.286	             0	             0	
64.607	      0.661896	             0	
64.929	      0.661896	             0	
65.250	             0	             0	
65.571	             0	             0	
65.893	             0	             0	
66.214	             0	             0	
66.536	     0.0519625	             0	
66.857	     0.0519625	             0	
67.179	     0.0534655	             0	
67.500	     0.0534655	             0	
67.821	     0.0534655	             0	
68.143	             0	             0	
68.464	             0	             0	
68.786	             0	             0	
69.107	             0	             0	
69.429	             0	             0	
69.750	             0	             0	
70.071	             0	             0	
70.393	             0	             0	
70.714	       0.57975	             0	
71.036	       0.57975	             0	
71.357	       0.57975	             0	
71.679	       1.13963	             0	
72.000	       1.13963	             0	
72.321	             0	             0	
72.643	             0	             0	
72.964	             0	             0	
73.286	             0	             0	
73.607	             0	             0	
73.929	             0	             0	
74.250	             0	             0	
74.571	             0	             0	
74.893	      0.213738	             0	
75.214	      0.213738	             0	
75.536	      0.213738	             0	
75.857	             0	             0	
76.179	             0	             0	
76.500	             0	             0	
76.821	             0	             0	
77.143	             0	             0	
77.464	             0	             0	
77.786	     0.0534219	             0	
78.107	     0.0534219	             0	
78.429	             0	             0	
78.750	             0	             0	
79.071	             0	             0	
79.393	             0	             0	
79.714	             0	             0	
80.036	             0	             0	
80.357	             0	             0	
80.679	             0	             0	
81.000	             0	             0	
81.321	      0.782951	             0	
81.643	      0.782951	             0	
81.964	             0	             0	
82.286	             0	             0	
82.607	             0	             0	
82.929	      0.733278	             0	
83.250	      0.733278	             0	
83.571	             0	             0	
83.893	             0	             0	
84.214	             0	             0	
84.536	             0	             0	
84.857	             0	             0	
85.179	             0	             0	
85.500	             0	             0	
85.821	             0	             0	
86.143	             0	             0	
86.464	             0	             0	
86.786	             0	             0	
87.107	             0	             0	
87.429	             0	             0	
87.750	      0.277698	             0	
88.071	      0.277698	             0	
88.393	     0.0533552	             0	
88.714	     0.0533552	             0	
89.036	             0	             0	
89.357	             0	             0	
89.679	             0	             0	
90.000	             0	             0	
90.321	             0	             0	
90.643	             0	             0	
90.964	             0	             0	
91.286	             0	             0	
91.607	             0	             0	
91.929	             0	             0	
92.250	             0	             0	
92.571	             0	             0	
92.893	             0	             0	
93.214	             0	             0	
93.536	             0	             0	
93.857	             0	             0	
94.179	             0	             0	
94.500	             0	             0	
94.821	      0.233422	             0	
95.143	      0.233422	             0	
95.464	             0	             0	
95.786	             0	             0	
96.107	             0	             0	
96.429	             0	             0	
96.750	             0	             0	
97.071	             0	             0	
97.393	             0	             0	
97.714	             0	             0	
98.036	             0	             0	
98.357	             0	             0	
98.679	             0	             0	
99.000	             0	             0	
99.321	             0	             0	
99.643	             0	             0	
99.964	             0	             0	
100.286	      0.540623	             0	
100.607	      0.540623	             0	
100.929	             0	             0	
101.250	             0	             0	
101.571	             0	             0	
101.893	             0	             0	
102.214	             0	             0	
102.536	             0	             0	
102.857	             0	             0	
103.179	             0	             0	
103.500	             0	             0	
103.821	             0	             0	
104.143	             0	             0	
104.464	      0.703915	             0	
104.786	      0.703915	             0	
105.107	      0.703915	             0	
105.429	             0	             0	
105.750	             0	             0	
106.071	      0.755717	             0	
106.393	      0.755717	             0	
106.714	      0.776279	             0	
107.036	      0.776279	             0	
107.357	             0	             0	
107.679	             0	             0	
108.000	      0.809462	             0	
108.321	      0.809462	             0	
108.643	      0.811261	             0	
108.964	      0.811261	             0	
109.286	      0.811261	             0	
109.607	        6.6394	             0	
109.929	        6.6394	             0	
110.250	             0	             0	
110.571	             0	             0	
110.893	      0.856076	             0	
111.214	      0.856076	             0	
111.536	      0.865595	             0	
111.857	      0.865595	             0	
112.179	       1.74645	             0	
112.500	       1.74645	             0	
112.821	       1.74645	             0	
113.143	             0	             0	
113.464	             0	             0	
113.786	      0.899084	             0	
114.107	      0.899084	             0	
114.429	             0	             0	
114.750	             0	             0	
115.071	       0.91303	             0	
115.393	       0.91303	             0	
115.714	      0.917065	             0	
116.036	      0.917065	             0	
116.357	      0.917065	             0	
116.679	       5.53863	             0	
117.000	       5.53863	             0	
117.321	       0.92853	             0	
117.643	       0.92853	             0	
117.964	       1.86556	             0	
118.286	       1.86556	             0	
118.607	       2.81358	             0	
118.929	       2.81358	             0	
119.250	       1.88239	             0	
119.571	       1.88239	             0	
119.893	      0.944261	             0	
120.214	      0.944261	             0	
120.536	      0.944261	             0	
120.857	        1.8964	             0	
121.179	        1.8964	             0	
121.500	       1.90437	             0	
121.821	       1.90437	             0	
122.143	             0	             0	
122.464	             0	             0	
122.786	       1.91209	             0	
123.107	       1.91209	             0	
123.429	       1.91592	             0	
123.750	       1.91592	             0	
124.071	       1.91592	             0	
124.393	       8.61598	             0	
124.714	       8.61598	             0	
125.036	      0.759655	             0	
125.357	      0.759655	             0	
125.679	      0.557666	             0	
126.000	      0.557666	             0	
126.321	      0.457702	             0	
126.643	      0.457702	             0	
126.964	      0.193744	             0	
127.286	      0.193744	             0	
127.607	      0.193744	             0	
127.929	      0.656883	             0	
128.250	      0.656883	             0	
128.571	      0.686087	             0	
128.893	      0.686087	             0	
129.214	      0.130048	             0	
129.536	      0.130048	             0	
129.857	      0.104155	             0	
130.179	      0.104155	             0	
130.500	      0.291601	             0	
130.821	      0.291601	             0	
131.143	      0.426136	             0	
131.464	      0.426136	             0	
131.786	      0.426136	             0	
132.107	      0.481292	             0	
132.429	      0.481292	             0	
132.750	      0.566306	             0	
133.071	      0.566306	             0	
133.393	       0.13261	             0	
133.714	       0.13261	             0	
134.036	       0.35715	             0	
134.357	       0.35715	             0	
134.679	      0.273384	             0	
135.000	      0.273384	             0	
135.321	      0.273384	             0	
135.643	      0.101604	             0	
135.964	      0.101604	             0	
136.286	             0	             0	
136.607	             0	             0	
136.929	             0	             0	
137.250	             0	             0	
137.571	             0	             0	
137.893	             0	             0	
138.214	             0	             0	
138.536	             0	             0	
138.857	             0	             0	
139.179	             0	             0	
139.500	             0	             0	
139.821	             0	             0	
140.143	             0	             0	
140.464	             0	             0	
140.786	             0	             0	
141.107	             0	             0	
141.429	             0	             0	
141.750	             0	             0	
142.071	             0	             0	
142.393	             0	             0	
142.714	             0	             0	
143.036	             0	             0	
143.357	             0	             0	
143.679	             0	             0	
144.000	             0	             0	
144.321	             0	             0	
144.643	             0	             0	
144.964	             0	             0	
145.286	             0	             0	
145.607	             0	             0	
145.929	             0	             0	
146.250	             0	             0	
146.571	             0	             0	
146.893	             0	             0	
147.214	             0	             0	
147.536	             0	             0	
147.857	             0	             0	
148.179	             0	             0	
148.500	             0	             0	
148.821	             0	             0	
149.143	             0	             0	
149.464	             0	             0	
149.786	             0	             0	
150.107	             0	             0	
150.429	             0	             0	
150.750	             0	             0	
151.071	             0	             0	
151.393	             0	             0	
151.714	             0	             0	
152.036	             0	             0	
152.357	             0	             0	
152.679	             0	             0	
153.000	             0	             0	
153.321	             0	             0	
153.643	             0	             0	
153.964	             0	             0	
154.286	             0	             0	
154.607	             0	             0	
154.929	             0	             0	
155.250	             0	             0	
155.571	             0	             0	
155.893	             0	             0	
156.214	             0	             0	
156.536	             0	             0	
156.857	             0	             0	
157.179	             0	             0	
157.500	             0	             0	
157.821	             0	             0	
158.143	             0	             0	
158.464	             0	             0	
158.786	             0	             0	
159.107	             0	             0	
159.429	             0	             0	
159.750	             0	             0	
160.071	             0	             0	
160.393	             0	             0	
160.714	             0	             0	
161.036	             0	             0	
161.357	             0	             0	
161.679	             0	             0	
162.000	             0	             0	
162.321	             0	             0	
162.643	             0	             0	
162.964	             0	             0	
163.286	             0	             0	
163.607	             0	             0	
163.929	             0	             0	
164.250	             0	             0	
164.571	             0	             0	
164.893	             0	             0	
165.214	             0	             0	
165.536	             0	             0	
165.857	             0	             0	
166.179	             0	             0	
166.500	             0	             0	
166.821	             0	             0	
167.143	             0	             0	
167.464	             0	             0	
167.786	             0	             0	
168.107	             0	             0	
168.429	             0	             0	
168.750	             0	             0	
169.071	             0	             0	
169.393	             0	             0	
169.714	             0	             0	
170.036	             0	             0	
170.357	             0	             0	
170.679	             0	             0	
171.000	             0	             0	
171.321	             0	             0	
171.643	             0	             0	
171.964	             0	             0	
172.286	             0	             0	
172.607	             0	             0	
172.929	             0	             0	
173.250	             0	             0	
173.571	             0	             0	
173.893	             0	             0	
174.214	             0	             0	
174.536	             0	             0	
174.857	             0	             0	
175.179	             0	             0	
175.500	             0	             0	
175.821	             0	             0	
176.143	             0	             0	
176.464	             0	             0	
176.786	             0	             0	
177.107	             0	             0	
177.429	             0	             0	
177.750	             0	             0	
178.071	             0	             0	
178.393	             0	             0	
178.714	             0	             0	
179.036	             0	             0	
179.357	             0	             0	
179.679	             0	             0	
180.000	             0	             0	
