
TracePro Release: 3 2 0 
Polar Candela Distribution Data for 
Data covers +/- 180.000 degrees from Normal
Data for Missed Rays
Data generated at 15:42:26 September 06, 2025

	   0.0	 180.0
0.000	       1.61831	       1.61831	
0.321	       1.61831	       1.61831	
0.643	     0.0524226	             0	
0.964	     0.0524226	             0	
1.286	       2.67547	             0	
1.607	       2.67547	             0	
1.929	       3.06409	             0	
2.250	       3.06409	             0	
2.571	        1.9972	             0	
2.893	        1.9972	             0	
3.214	       3.72656	      0.149511	
3.536	       3.72656	      0.149511	
3.857	       3.72656	      0.149511	
4.179	      0.946022	             0	
4.500	      0.946022	             0	
4.821	       2.47442	       1.76694	
5.143	       2.47442	       1.76694	
5.464	      0.867641	      0.501285	
5.786	      0.867641	      0.501285	
6.107	       1.63752	      0.234912	
6.429	       1.63752	      0.234912	
6.750	       1.37753	      0.838429	
7.071	       1.37753	      0.838429	
7.393	      0.944024	             0	
7.714	      0.944024	             0	
8.036	      0.944024	             0	
8.357	       1.45053	       1.94024	
8.679	       1.45053	       1.94024	
9.000	       2.06115	       3.62551	
9.321	       2.06115	       3.62551	
9.643	       1.08244	      0.904419	
9.964	       1.08244	      0.904419	
10.286	       8.82883	      0.104369	
10.607	       8.82883	      0.104369	
10.929	       1.46823	       2.46777	
11.250	       1.46823	       2.46777	
11.571	       1.46823	       2.46777	
11.893	       7.32349	             0	
12.214	       7.32349	             0	
12.536	       1.79798	      0.191709	
12.857	       1.79798	      0.191709	
13.179	       6.21664	       6.01217	
13.500	       6.21664	       6.01217	
13.821	       2.50211	       18.0724	
14.143	       2.50211	       18.0724	
14.464	       1.19205	       11.4578	
14.786	       1.19205	       11.4578	
15.107	       1.19205	       11.4578	
15.429	       0.83222	        1.3507	
15.750	       0.83222	        1.3507	
16.071	       2.91925	             0	
16.393	       2.91925	             0	
16.714	             0	      0.143644	
17.036	             0	      0.143644	
17.357	       2.44823	       3.09094	
17.679	       2.44823	       3.09094	
18.000	       1.58237	             0	
18.321	       1.58237	             0	
18.643	      0.928033	             0	
18.964	      0.928033	             0	
19.286	      0.928033	             0	
19.607	       4.82231	      0.975776	
19.929	       4.82231	      0.975776	
20.250	      0.835046	       2.00636	
20.571	      0.835046	       2.00636	
20.893	       3.03442	      0.848416	
21.214	       3.03442	      0.848416	
21.536	       2.62203	             0	
21.857	       2.62203	             0	
22.179	             0	     0.0597098	
22.500	             0	     0.0597098	
22.821	             0	     0.0597098	
23.143	       1.56115	       1.31253	
23.464	       1.56115	       1.31253	
23.786	       1.01159	       3.36719	
24.107	       1.01159	       3.36719	
24.429	       1.43177	       2.01687	
24.750	       1.43177	       2.01687	
25.071	       1.45366	      0.930556	
25.393	       1.45366	      0.930556	
25.714	             0	      0.840621	
26.036	             0	      0.840621	
26.357	             0	      0.840621	
26.679	             0	             0	
27.000	             0	             0	
27.321	       2.86441	             0	
27.643	       2.86441	             0	
27.964	       1.69338	             0	
28.286	       1.69338	             0	
28.607	             0	             0	
28.929	             0	             0	
29.250	       1.81177	       1.92148	
29.571	       1.81177	       1.92148	
29.893	       8.66982	      0.782931	
30.214	       8.66982	      0.782931	
30.536	       8.66982	      0.782931	
30.857	       1.63958	       2.09331	
31.179	       1.63958	       2.09331	
31.500	       2.21652	      0.780752	
31.821	       2.21652	      0.780752	
32.143	       3.59345	       1.96906	
32.464	       3.59345	       1.96906	
32.786	             0	       1.96784	
33.107	             0	       1.96784	
33.429	             0	        2.6178	
33.750	             0	        2.6178	
34.071	             0	        2.6178	
34.393	             0	       5.46294	
34.714	             0	       5.46294	
35.036	      0.953894	      0.770504	
35.357	      0.953894	      0.770504	
35.679	      0.375228	       3.50068	
36.000	      0.375228	       3.50068	
36.321	             0	       7.01429	
36.643	             0	       7.01429	
36.964	             0	       24.2548	
37.286	             0	       24.2548	
37.607	             0	       24.2548	
37.929	      0.257814	       3.32777	
38.250	      0.257814	       3.32777	
38.571	      0.727856	       4.20099	
38.893	      0.727856	       4.20099	
39.214	             0	       2.04623	
39.536	             0	       2.04623	
39.857	      0.961349	      0.330214	
40.179	      0.961349	      0.330214	
40.500	             0	      0.776733	
40.821	             0	      0.776733	
41.143	             0	      0.230312	
41.464	             0	      0.230312	
41.786	             0	      0.230312	
42.107	       0.96319	             0	
42.429	       0.96319	             0	
42.750	             0	             0	
43.071	             0	             0	
43.393	      0.782268	             0	
43.714	      0.782268	             0	
44.036	      0.830597	             0	
44.357	      0.830597	             0	
44.679	       2.10305	             0	
45.000	       2.10305	             0	
45.321	       2.10305	             0	
45.643	       1.39859	             0	
45.964	       1.39859	             0	
46.286	             0	             0	
46.607	             0	             0	
46.929	             0	      0.106279	
47.250	             0	      0.106279	
47.571	       1.58137	       0.76115	
47.893	       1.58137	       0.76115	
48.214	      0.677093	             0	
48.536	      0.677093	             0	
48.857	      0.677093	             0	
49.179	       2.85316	             0	
49.500	       2.85316	             0	
49.821	     0.0611858	             0	
50.143	     0.0611858	             0	
50.464	       1.93633	             0	
50.786	       1.93633	             0	
51.107	     0.0582061	       0.65327	
51.429	     0.0582061	       0.65327	
51.750	       1.94668	             0	
52.071	       1.94668	             0	
52.393	       5.57187	             0	
52.714	       5.57187	             0	
53.036	       5.57187	             0	
53.357	       3.70369	             0	
53.679	       3.70369	             0	
54.000	       0.93546	             0	
54.321	       0.93546	             0	
54.643	       4.94741	             0	
54.964	       4.94741	             0	
55.286	      0.943508	             0	
55.607	      0.943508	             0	
55.929	        0.9491	             0	
56.250	        0.9491	             0	
56.571	        0.9491	             0	
56.893	        6.8383	             0	
57.214	        6.8383	             0	
57.536	       1.92394	             0	
57.857	       1.92394	             0	
58.179	             0	             0	
58.500	             0	             0	
58.821	       1.94022	             0	
59.143	       1.94022	             0	
59.464	       1.84161	             0	
59.786	       1.84161	             0	
60.107	       1.84161	             0	
60.429	       1.92465	             0	
60.750	       1.92465	             0	
61.071	       1.92626	             0	
61.393	       1.92626	             0	
61.714	       0.97042	             0	
62.036	       0.97042	             0	
62.357	       2.88735	             0	
62.679	       2.88735	             0	
63.000	       2.90093	             0	
63.321	       2.90093	             0	
63.643	       3.25312	             0	
63.964	       3.25312	             0	
64.286	       3.25312	             0	
64.607	       2.90562	             0	
64.929	       2.90562	             0	
65.250	       2.34188	             0	
65.571	       2.34188	             0	
65.893	       4.84722	             0	
66.214	       4.84722	             0	
66.536	        2.9727	             0	
66.857	        2.9727	             0	
67.179	        2.9103	             0	
67.500	        2.9103	             0	
67.821	        2.9103	             0	
68.143	       5.82249	             0	
68.464	       5.82249	             0	
68.786	      0.970424	             0	
69.107	      0.970424	             0	
69.429	       3.88286	             0	
69.750	       3.88286	             0	
70.071	       5.82435	             0	
70.393	       5.82435	             0	
70.714	       3.88316	             0	
71.036	       3.88316	             0	
71.357	       3.88316	             0	
71.679	        7.7668	             0	
72.000	        7.7668	             0	
72.321	       3.88347	             0	
72.643	       3.88347	             0	
72.964	       5.73681	             0	
73.286	       5.73681	             0	
73.607	       4.85455	             0	
73.929	       4.85455	             0	
74.250	       3.88369	             0	
74.571	       3.88369	             0	
74.893	       7.76745	             0	
75.214	       7.76745	             0	
75.536	       7.76745	             0	
75.857	      0.970938	             0	
76.179	      0.970938	             0	
76.500	       5.82566	             0	
76.821	       5.82566	             0	
77.143	       643.737	             0	
77.464	       643.737	             0	
77.786	             0	             0	
78.107	             0	             0	
78.429	             0	             0	
78.750	             0	             0	
79.071	             0	             0	
79.393	             0	             0	
79.714	             0	             0	
80.036	             0	             0	
80.357	             0	             0	
80.679	             0	             0	
81.000	             0	             0	
81.321	             0	             0	
81.643	             0	             0	
81.964	             0	             0	
82.286	             0	             0	
82.607	             0	             0	
82.929	      0.512754	             0	
83.250	      0.512754	             0	
83.571	     0.0608939	             0	
83.893	     0.0608939	             0	
84.214	             0	             0	
84.536	             0	             0	
84.857	      0.065569	             0	
85.179	      0.065569	             0	
85.500	             0	             0	
85.821	             0	             0	
86.143	      0.132227	             0	
86.464	      0.132227	             0	
86.786	      0.132227	             0	
87.107	      0.132956	             0	
87.429	      0.132956	             0	
87.750	             0	             0	
88.071	             0	             0	
88.393	             0	             0	
88.714	             0	             0	
89.036	     0.0564647	             0	
89.357	     0.0564647	             0	
89.679	      0.352119	             0	
90.000	      0.352119	             0	
90.321	      0.352119	             0	
90.643	             0	             0	
90.964	             0	             0	
91.286	     0.0809246	             0	
91.607	     0.0809246	             0	
91.929	             0	             0	
92.250	             0	             0	
92.571	      0.324515	             0	
92.893	      0.324515	             0	
93.214	      0.334544	             0	
93.536	      0.334544	             0	
93.857	      0.334544	             0	
94.179	      0.361346	             0	
94.500	      0.361346	             0	
94.821	      0.156261	             0	
95.143	      0.156261	             0	
95.464	     0.0675458	             0	
95.786	     0.0675458	             0	
96.107	      0.225786	             0	
96.429	      0.225786	             0	
96.750	      0.788054	             0	
97.071	      0.788054	             0	
97.393	       10.0375	             0	
97.714	       10.0375	             0	
98.036	       10.0375	             0	
98.357	      0.291619	             0	
98.679	      0.291619	             0	
99.000	             0	             0	
99.321	             0	             0	
99.643	      0.170346	             0	
99.964	      0.170346	             0	
100.286	      0.105016	             0	
100.607	      0.105016	             0	
100.929	             0	             0	
101.250	             0	             0	
101.571	             0	             0	
101.893	             0	             0	
102.214	             0	             0	
102.536	             0	             0	
102.857	             0	             0	
103.179	             0	             0	
103.500	             0	             0	
103.821	             0	             0	
104.143	             0	             0	
104.464	             0	             0	
104.786	             0	             0	
105.107	             0	             0	
105.429	             0	             0	
105.750	             0	             0	
106.071	             0	             0	
106.393	             0	             0	
106.714	             0	             0	
107.036	             0	             0	
107.357	             0	             0	
107.679	             0	             0	
108.000	             0	             0	
108.321	             0	             0	
108.643	             0	             0	
108.964	             0	             0	
109.286	             0	             0	
109.607	             0	             0	
109.929	             0	             0	
110.250	             0	             0	
110.571	             0	             0	
110.893	             0	             0	
111.214	             0	             0	
111.536	             0	             0	
111.857	             0	             0	
112.179	             0	             0	
112.500	             0	             0	
112.821	             0	             0	
113.143	             0	             0	
113.464	             0	             0	
113.786	             0	             0	
114.107	             0	             0	
114.429	             0	             0	
114.750	             0	             0	
115.071	             0	             0	
115.393	             0	             0	
115.714	             0	             0	
116.036	             0	             0	
116.357	             0	             0	
116.679	             0	             0	
117.000	             0	             0	
117.321	             0	             0	
117.643	             0	             0	
117.964	             0	             0	
118.286	             0	             0	
118.607	             0	             0	
118.929	             0	             0	
119.250	             0	             0	
119.571	             0	             0	
119.893	             0	             0	
120.214	             0	             0	
120.536	             0	             0	
120.857	             0	             0	
121.179	             0	             0	
121.500	             0	             0	
121.821	             0	             0	
122.143	             0	             0	
122.464	             0	             0	
122.786	             0	             0	
123.107	             0	             0	
123.429	             0	             0	
123.750	             0	             0	
124.071	             0	             0	
124.393	             0	             0	
124.714	             0	             0	
125.036	             0	             0	
125.357	             0	             0	
125.679	             0	             0	
126.000	             0	             0	
126.321	             0	             0	
126.643	             0	             0	
126.964	             0	             0	
127.286	             0	             0	
127.607	             0	             0	
127.929	             0	             0	
128.250	             0	             0	
128.571	             0	             0	
128.893	             0	             0	
129.214	             0	             0	
129.536	             0	             0	
129.857	             0	             0	
130.179	             0	             0	
130.500	             0	             0	
130.821	             0	             0	
131.143	             0	             0	
131.464	             0	             0	
131.786	             0	             0	
132.107	             0	             0	
132.429	             0	             0	
132.750	             0	             0	
133.071	             0	             0	
133.393	             0	             0	
133.714	             0	             0	
134.036	             0	             0	
134.357	             0	             0	
134.679	             0	             0	
135.000	             0	             0	
135.321	             0	             0	
135.643	             0	             0	
135.964	             0	             0	
136.286	             0	             0	
136.607	             0	             0	
136.929	             0	             0	
137.250	             0	             0	
137.571	             0	             0	
137.893	             0	             0	
138.214	             0	             0	
138.536	             0	             0	
138.857	             0	             0	
139.179	             0	             0	
139.500	             0	             0	
139.821	             0	             0	
140.143	             0	             0	
140.464	             0	             0	
140.786	             0	             0	
141.107	             0	             0	
141.429	             0	             0	
141.750	             0	             0	
142.071	             0	             0	
142.393	             0	             0	
142.714	             0	             0	
143.036	             0	             0	
143.357	             0	             0	
143.679	             0	             0	
144.000	             0	             0	
144.321	             0	             0	
144.643	             0	             0	
144.964	             0	             0	
145.286	             0	             0	
145.607	             0	             0	
145.929	             0	             0	
146.250	             0	             0	
146.571	             0	             0	
146.893	             0	             0	
147.214	             0	             0	
147.536	             0	             0	
147.857	             0	             0	
148.179	             0	             0	
148.500	             0	             0	
148.821	             0	             0	
149.143	             0	             0	
149.464	             0	             0	
149.786	             0	             0	
150.107	             0	             0	
150.429	             0	             0	
150.750	             0	             0	
151.071	             0	             0	
151.393	             0	             0	
151.714	             0	             0	
152.036	             0	             0	
152.357	             0	             0	
152.679	             0	             0	
153.000	             0	             0	
153.321	             0	             0	
153.643	             0	             0	
153.964	             0	             0	
154.286	             0	             0	
154.607	             0	             0	
154.929	             0	             0	
155.250	             0	             0	
155.571	             0	             0	
155.893	             0	             0	
156.214	             0	             0	
156.536	             0	             0	
156.857	             0	             0	
157.179	             0	             0	
157.500	             0	             0	
157.821	             0	             0	
158.143	             0	             0	
158.464	             0	             0	
158.786	             0	             0	
159.107	             0	             0	
159.429	             0	             0	
159.750	             0	             0	
160.071	             0	             0	
160.393	             0	             0	
160.714	             0	             0	
161.036	             0	             0	
161.357	             0	             0	
161.679	             0	             0	
162.000	             0	             0	
162.321	             0	             0	
162.643	             0	             0	
162.964	             0	             0	
163.286	             0	             0	
163.607	             0	             0	
163.929	             0	             0	
164.250	             0	             0	
164.571	             0	             0	
164.893	             0	             0	
165.214	             0	             0	
165.536	             0	             0	
165.857	             0	             0	
166.179	             0	             0	
166.500	             0	             0	
166.821	             0	             0	
167.143	             0	             0	
167.464	             0	             0	
167.786	             0	             0	
168.107	             0	             0	
168.429	             0	             0	
168.750	             0	             0	
169.071	             0	             0	
169.393	             0	             0	
169.714	             0	             0	
170.036	             0	             0	
170.357	             0	             0	
170.679	             0	             0	
171.000	             0	             0	
171.321	             0	             0	
171.643	             0	             0	
171.964	             0	             0	
172.286	             0	             0	
172.607	             0	             0	
172.929	             0	             0	
173.250	             0	             0	
173.571	             0	             0	
173.893	             0	             0	
174.214	             0	             0	
174.536	             0	             0	
174.857	             0	             0	
175.179	             0	             0	
175.500	             0	             0	
175.821	             0	             0	
176.143	             0	             0	
176.464	             0	             0	
176.786	             0	             0	
177.107	             0	             0	
177.429	             0	             0	
177.750	             0	             0	
178.071	             0	             0	
178.393	             0	             0	
178.714	             0	             0	
179.036	             0	             0	
179.357	             0	             0	
179.679	             0	             0	
180.000	             0	             0	
