
TracePro Release: 3 2 0 
Polar Candela Distribution Data for 
Data covers +/- 180.000 degrees from Normal
Data for Missed Rays
Data generated at 15:06:40 September 06, 2025

	   0.0	 180.0
0.000	      0.174374	      0.174374	
0.321	      0.174374	      0.174374	
0.643	             0	      0.414237	
0.964	             0	      0.414237	
1.286	             0	      0.808183	
1.607	             0	      0.808183	
1.929	      0.208437	             0	
2.250	      0.208437	             0	
2.571	      0.669807	      0.546753	
2.893	      0.669807	      0.546753	
3.214	      0.406375	     0.0928446	
3.536	      0.406375	     0.0928446	
3.857	      0.406375	     0.0928446	
4.179	      0.147636	             0	
4.500	      0.147636	             0	
4.821	      0.441175	       4.64773	
5.143	      0.441175	       4.64773	
5.464	      0.243272	       0.48827	
5.786	      0.243272	       0.48827	
6.107	      0.422904	      0.468655	
6.429	      0.422904	      0.468655	
6.750	             0	       1.14843	
7.071	             0	       1.14843	
7.393	      0.245332	      0.825227	
7.714	      0.245332	      0.825227	
8.036	      0.245332	      0.825227	
8.357	             0	             0	
8.679	             0	             0	
9.000	      0.610694	      0.546883	
9.321	      0.610694	      0.546883	
9.643	      0.306537	      0.425052	
9.964	      0.306537	      0.425052	
10.286	       1.16257	      0.335103	
10.607	       1.16257	      0.335103	
10.929	      0.118362	       1.21307	
11.250	      0.118362	       1.21307	
11.571	      0.118362	       1.21307	
11.893	       790.154	      0.463039	
12.214	       790.154	      0.463039	
12.536	       0.76884	       1.66913	
12.857	       0.76884	       1.66913	
13.179	      0.226827	       28.5473	
13.500	      0.226827	       28.5473	
13.821	             0	       0.41312	
14.143	             0	       0.41312	
14.464	      0.581616	      0.152579	
14.786	      0.581616	      0.152579	
15.107	      0.581616	      0.152579	
15.429	      0.251973	      0.365488	
15.750	      0.251973	      0.365488	
16.071	       0.34109	             0	
16.393	       0.34109	             0	
16.714	             0	      0.206951	
17.036	             0	      0.206951	
17.357	             0	             0	
17.679	             0	             0	
18.000	             0	             0	
18.321	             0	             0	
18.643	             0	             0	
18.964	             0	             0	
19.286	             0	             0	
19.607	             0	             0	
19.929	             0	             0	
20.250	      0.153871	             0	
20.571	      0.153871	             0	
20.893	       0.12567	             0	
21.214	       0.12567	             0	
21.536	      0.310662	       2.04151	
21.857	      0.310662	       2.04151	
22.179	      0.375563	      0.168872	
22.500	      0.375563	      0.168872	
22.821	      0.375563	      0.168872	
23.143	      0.345583	      0.341219	
23.464	      0.345583	      0.341219	
23.786	       0.35369	      0.335165	
24.107	       0.35369	      0.335165	
24.429	             0	             0	
24.750	             0	             0	
25.071	             0	      0.203513	
25.393	             0	      0.203513	
25.714	             0	             0	
26.036	             0	             0	
26.357	             0	             0	
26.679	             0	       3.36416	
27.000	             0	       3.36416	
27.321	      0.192561	      0.354443	
27.643	      0.192561	      0.354443	
27.964	             0	      0.752156	
28.286	             0	      0.752156	
28.607	             0	      0.638568	
28.929	             0	      0.638568	
29.250	             0	       1.01211	
29.571	             0	       1.01211	
29.893	             0	      0.201338	
30.214	             0	      0.201338	
30.536	             0	      0.201338	
30.857	             0	       1.24955	
31.179	             0	       1.24955	
31.500	             0	      0.198767	
31.821	             0	      0.198767	
32.143	             0	      0.123228	
32.464	             0	      0.123228	
32.786	             0	      0.397787	
33.107	             0	      0.397787	
33.429	             0	      0.931954	
33.750	             0	      0.931954	
34.071	             0	      0.931954	
34.393	             0	             0	
34.714	             0	             0	
35.036	      0.175112	       1.29014	
35.357	      0.175112	       1.29014	
35.679	      0.304973	      0.902057	
36.000	      0.304973	      0.902057	
36.321	       0.95556	      0.250219	
36.643	       0.95556	      0.250219	
36.964	             0	      0.413569	
37.286	             0	      0.413569	
37.607	             0	      0.413569	
37.929	             0	      0.852886	
38.250	             0	      0.852886	
38.571	             0	       1.20987	
38.893	             0	       1.20987	
39.214	      0.247015	       0.21331	
39.536	      0.247015	       0.21331	
39.857	             0	      0.154856	
40.179	             0	      0.154856	
40.500	      0.358456	      0.178467	
40.821	      0.358456	      0.178467	
41.143	             0	       54.2968	
41.464	             0	       54.2968	
41.786	             0	       54.2968	
42.107	             0	       0.29449	
42.429	             0	       0.29449	
42.750	      0.106809	             0	
43.071	      0.106809	             0	
43.393	      0.662509	             0	
43.714	      0.662509	             0	
44.036	             0	             0	
44.357	             0	             0	
44.679	             0	             0	
45.000	             0	             0	
45.321	             0	             0	
45.643	      0.965966	      0.193939	
45.964	      0.965966	      0.193939	
46.286	             0	             0	
46.607	             0	             0	
46.929	             0	             0	
47.250	             0	             0	
47.571	             0	      0.296863	
47.893	             0	      0.296863	
48.214	             0	             0	
48.536	             0	             0	
48.857	             0	             0	
49.179	             0	             0	
49.500	             0	             0	
49.821	             0	             0	
50.143	             0	             0	
50.464	             0	             0	
50.786	             0	             0	
51.107	             0	             0	
51.429	             0	             0	
51.750	       1.77567	      0.134011	
52.071	       1.77567	      0.134011	
52.393	      0.745601	             0	
52.714	      0.745601	             0	
53.036	      0.745601	             0	
53.357	             0	             0	
53.679	             0	             0	
54.000	      0.898611	             0	
54.321	      0.898611	             0	
54.643	       1.81315	             0	
54.964	       1.81315	             0	
55.286	       1.82905	             0	
55.607	       1.82905	             0	
55.929	       2.67012	             0	
56.250	       2.67012	             0	
56.571	       2.67012	             0	
56.893	       1.85119	             0	
57.214	       1.85119	             0	
57.536	      0.928492	             0	
57.857	      0.928492	             0	
58.179	      0.783006	             0	
58.500	      0.783006	             0	
58.821	        1.9419	             0	
59.143	        1.9419	             0	
59.464	       3.61074	             0	
59.786	       3.61074	             0	
60.107	       3.61074	             0	
60.429	       1.89513	             0	
60.750	       1.89513	             0	
61.071	       2.84934	             0	
61.393	       2.84934	             0	
61.714	       1.63294	             0	
62.036	       1.63294	             0	
62.357	             0	             0	
62.679	             0	             0	
63.000	       1.91607	             0	
63.321	       1.91607	             0	
63.643	      0.355713	             0	
63.964	      0.355713	             0	
64.286	      0.355713	             0	
64.607	       1.92349	             0	
64.929	       1.92349	             0	
65.250	             0	             0	
65.571	             0	             0	
65.893	       1.47358	             0	
66.214	       1.47358	             0	
66.536	             0	             0	
66.857	             0	             0	
67.179	       7.73291	      0.056653	
67.500	       7.73291	      0.056653	
67.821	       7.73291	      0.056653	
68.143	       8.15301	             0	
68.464	       8.15301	             0	
68.786	       3.19553	             0	
69.107	       3.19553	             0	
69.429	        4.8454	             0	
69.750	        4.8454	             0	
70.071	       3.93449	             0	
70.393	       3.93449	             0	
70.714	       1.93973	             0	
71.036	       1.93973	             0	
71.357	       1.93973	             0	
71.679	       19.4037	             0	
72.000	       19.4037	             0	
72.321	       1.99687	             0	
72.643	       1.99687	             0	
72.964	       2.91163	             0	
73.286	       2.91163	             0	
73.607	       3.88267	             0	
73.929	       3.88267	             0	
74.250	       3.88307	             0	
74.571	       3.88307	             0	
74.893	        13.592	             0	
75.214	        13.592	             0	
75.536	        13.592	             0	
75.857	       4.85446	             0	
76.179	       4.85446	             0	
76.500	       6.79645	             0	
76.821	       6.79645	             0	
77.143	       7.76753	             0	
77.464	       7.76753	             0	
77.786	        3.8838	             0	
78.107	        3.8838	             0	
78.429	       1.94191	             0	
78.750	       1.94191	             0	
79.071	       1.94191	             0	
79.393	       9.70959	             0	
79.714	       9.70959	             0	
80.036	       6.79672	             0	
80.357	       6.79672	             0	
80.679	       8.95585	             0	
81.000	       8.95585	             0	
81.321	       314.592	             0	
81.643	       314.592	             0	
81.964	             0	             0	
82.286	             0	             0	
82.607	             0	             0	
82.929	      0.411435	             0	
83.250	      0.411435	             0	
83.571	             0	             0	
83.893	             0	             0	
84.214	             0	             0	
84.536	             0	             0	
84.857	             0	             0	
85.179	             0	             0	
85.500	             0	             0	
85.821	             0	             0	
86.143	      0.434267	             0	
86.464	      0.434267	             0	
86.786	      0.434267	             0	
87.107	             0	             0	
87.429	             0	             0	
87.750	             0	             0	
88.071	             0	             0	
88.393	             0	             0	
88.714	             0	             0	
89.036	             0	             0	
89.357	             0	             0	
89.679	             0	             0	
90.000	             0	             0	
90.321	             0	             0	
90.643	             0	             0	
90.964	             0	             0	
91.286	             0	             0	
91.607	             0	             0	
91.929	             0	             0	
92.250	             0	             0	
92.571	             0	             0	
92.893	             0	             0	
93.214	             0	             0	
93.536	             0	             0	
93.857	             0	             0	
94.179	             0	             0	
94.500	             0	             0	
94.821	             0	             0	
95.143	             0	             0	
95.464	      0.074312	             0	
95.786	      0.074312	             0	
96.107	             0	             0	
96.429	             0	             0	
96.750	             0	             0	
97.071	             0	             0	
97.393	      0.158228	             0	
97.714	      0.158228	             0	
98.036	      0.158228	             0	
98.357	      0.423118	             0	
98.679	      0.423118	             0	
99.000	             0	             0	
99.321	             0	             0	
99.643	       0.34875	             0	
99.964	       0.34875	             0	
100.286	      0.410296	             0	
100.607	      0.410296	             0	
100.929	             0	             0	
101.250	             0	             0	
101.571	             0	             0	
101.893	      0.161414	             0	
102.214	      0.161414	             0	
102.536	             0	             0	
102.857	             0	             0	
103.179	             0	             0	
103.500	             0	             0	
103.821	             0	             0	
104.143	             0	             0	
104.464	             0	             0	
104.786	             0	             0	
105.107	             0	             0	
105.429	             0	             0	
105.750	             0	             0	
106.071	             0	             0	
106.393	             0	             0	
106.714	             0	             0	
107.036	             0	             0	
107.357	             0	             0	
107.679	             0	             0	
108.000	             0	             0	
108.321	             0	             0	
108.643	             0	             0	
108.964	             0	             0	
109.286	             0	             0	
109.607	             0	             0	
109.929	             0	             0	
110.250	             0	             0	
110.571	             0	             0	
110.893	             0	             0	
111.214	             0	             0	
111.536	             0	             0	
111.857	             0	             0	
112.179	             0	             0	
112.500	             0	             0	
112.821	             0	             0	
113.143	             0	             0	
113.464	             0	             0	
113.786	             0	             0	
114.107	             0	             0	
114.429	             0	             0	
114.750	             0	             0	
115.071	             0	             0	
115.393	             0	             0	
115.714	             0	             0	
116.036	             0	             0	
116.357	             0	             0	
116.679	             0	             0	
117.000	             0	             0	
117.321	             0	             0	
117.643	             0	             0	
117.964	             0	             0	
118.286	             0	             0	
118.607	             0	             0	
118.929	             0	             0	
119.250	             0	             0	
119.571	             0	             0	
119.893	             0	             0	
120.214	             0	             0	
120.536	             0	             0	
120.857	             0	             0	
121.179	             0	             0	
121.500	             0	             0	
121.821	             0	             0	
122.143	             0	             0	
122.464	             0	             0	
122.786	             0	             0	
123.107	             0	             0	
123.429	             0	             0	
123.750	             0	             0	
124.071	             0	             0	
124.393	             0	             0	
124.714	             0	             0	
125.036	             0	             0	
125.357	             0	             0	
125.679	             0	             0	
126.000	             0	             0	
126.321	             0	             0	
126.643	             0	             0	
126.964	             0	             0	
127.286	             0	             0	
127.607	             0	             0	
127.929	             0	             0	
128.250	             0	             0	
128.571	             0	             0	
128.893	             0	             0	
129.214	             0	             0	
129.536	             0	             0	
129.857	             0	             0	
130.179	             0	             0	
130.500	             0	             0	
130.821	             0	             0	
131.143	             0	             0	
131.464	             0	             0	
131.786	             0	             0	
132.107	             0	             0	
132.429	             0	             0	
132.750	             0	             0	
133.071	             0	             0	
133.393	             0	             0	
133.714	             0	             0	
134.036	             0	             0	
134.357	             0	             0	
134.679	             0	             0	
135.000	             0	             0	
135.321	             0	             0	
135.643	             0	             0	
135.964	             0	             0	
136.286	             0	             0	
136.607	             0	             0	
136.929	             0	             0	
137.250	             0	             0	
137.571	             0	             0	
137.893	             0	             0	
138.214	             0	             0	
138.536	             0	             0	
138.857	             0	             0	
139.179	             0	             0	
139.500	             0	             0	
139.821	             0	             0	
140.143	             0	             0	
140.464	             0	             0	
140.786	             0	             0	
141.107	             0	             0	
141.429	             0	             0	
141.750	             0	             0	
142.071	             0	             0	
142.393	             0	             0	
142.714	             0	             0	
143.036	             0	             0	
143.357	             0	             0	
143.679	             0	             0	
144.000	             0	             0	
144.321	             0	             0	
144.643	             0	             0	
144.964	             0	             0	
145.286	             0	             0	
145.607	             0	             0	
145.929	             0	             0	
146.250	             0	             0	
146.571	             0	             0	
146.893	             0	             0	
147.214	             0	             0	
147.536	             0	             0	
147.857	             0	             0	
148.179	             0	             0	
148.500	             0	             0	
148.821	             0	             0	
149.143	             0	             0	
149.464	             0	             0	
149.786	             0	             0	
150.107	             0	             0	
150.429	             0	             0	
150.750	             0	             0	
151.071	             0	             0	
151.393	             0	             0	
151.714	             0	             0	
152.036	             0	             0	
152.357	             0	             0	
152.679	             0	             0	
153.000	             0	             0	
153.321	             0	             0	
153.643	             0	             0	
153.964	             0	             0	
154.286	             0	             0	
154.607	             0	             0	
154.929	             0	             0	
155.250	             0	             0	
155.571	             0	             0	
155.893	             0	             0	
156.214	             0	             0	
156.536	             0	             0	
156.857	             0	             0	
157.179	             0	             0	
157.500	             0	             0	
157.821	             0	             0	
158.143	             0	             0	
158.464	             0	             0	
158.786	             0	             0	
159.107	             0	             0	
159.429	             0	             0	
159.750	             0	             0	
160.071	             0	             0	
160.393	             0	             0	
160.714	             0	             0	
161.036	             0	             0	
161.357	             0	             0	
161.679	             0	             0	
162.000	             0	             0	
162.321	             0	             0	
162.643	             0	             0	
162.964	             0	             0	
163.286	             0	             0	
163.607	             0	             0	
163.929	             0	             0	
164.250	             0	             0	
164.571	             0	             0	
164.893	             0	             0	
165.214	             0	             0	
165.536	             0	             0	
165.857	             0	             0	
166.179	             0	             0	
166.500	             0	             0	
166.821	             0	             0	
167.143	             0	             0	
167.464	             0	             0	
167.786	             0	             0	
168.107	             0	             0	
168.429	             0	             0	
168.750	             0	             0	
169.071	             0	             0	
169.393	             0	             0	
169.714	             0	             0	
170.036	             0	             0	
170.357	             0	             0	
170.679	             0	             0	
171.000	             0	             0	
171.321	             0	             0	
171.643	             0	             0	
171.964	             0	             0	
172.286	             0	             0	
172.607	             0	             0	
172.929	             0	             0	
173.250	             0	             0	
173.571	             0	             0	
173.893	             0	             0	
174.214	             0	             0	
174.536	             0	             0	
174.857	             0	             0	
175.179	             0	             0	
175.500	             0	             0	
175.821	             0	             0	
176.143	             0	             0	
176.464	             0	             0	
176.786	             0	             0	
177.107	             0	             0	
177.429	             0	             0	
177.750	             0	             0	
178.071	             0	             0	
178.393	             0	             0	
178.714	             0	             0	
179.036	             0	             0	
179.357	             0	             0	
179.679	             0	             0	
180.000	             0	             0	
