
TracePro Release: 3 2 0 
Polar Candela Distribution Data for 
Data covers +/- 180.000 degrees from Normal
Data for Missed Rays
Data generated at 12:42:33 September 07, 2025

	   0.0	 180.0
0.000	      0.944665	      0.944665	
0.321	      0.944665	      0.944665	
0.643	             0	             0	
0.964	             0	             0	
1.286	             0	       5.38181	
1.607	             0	       5.38181	
1.929	             0	      0.881936	
2.250	             0	      0.881936	
2.571	      0.850459	      0.884944	
2.893	      0.850459	      0.884944	
3.214	       3.62659	             0	
3.536	       3.62659	             0	
3.857	       3.62659	             0	
4.179	       1.77496	     0.0893628	
4.500	       1.77496	     0.0893628	
4.821	       1.66091	      0.173146	
5.143	       1.66091	      0.173146	
5.464	       1.64134	       1.69985	
5.786	       1.64134	       1.69985	
6.107	             0	       1.81705	
6.429	             0	       1.81705	
6.750	             0	       3.64794	
7.071	             0	       3.64794	
7.393	      0.286259	             0	
7.714	      0.286259	             0	
8.036	      0.286259	             0	
8.357	       1.79354	       1.83463	
8.679	       1.79354	       1.83463	
9.000	       5.45261	       7.70417	
9.321	       5.45261	       7.70417	
9.643	      0.550122	       4.71146	
9.964	      0.550122	       4.71146	
10.286	      0.112613	       4.62687	
10.607	      0.112613	       4.62687	
10.929	       1.29881	       2.82628	
11.250	       1.29881	       2.82628	
11.571	       1.29881	       2.82628	
11.893	             0	       2.60959	
12.214	             0	       2.60959	
12.536	             0	       7.69027	
12.857	             0	       7.69027	
13.179	       3.56723	       8.33521	
13.500	       3.56723	       8.33521	
13.821	             0	       9.46352	
14.143	             0	       9.46352	
14.464	             0	       4.14332	
14.786	             0	       4.14332	
15.107	             0	       4.14332	
15.429	       2.60646	       16.2591	
15.750	       2.60646	       16.2591	
16.071	       1.55087	         5.471	
16.393	       1.55087	         5.471	
16.714	             0	       2.80543	
17.036	             0	       2.80543	
17.357	             0	       6.32238	
17.679	             0	       6.32238	
18.000	      0.795874	       7.40708	
18.321	      0.795874	       7.40708	
18.643	      0.714598	       5.65878	
18.964	      0.714598	       5.65878	
19.286	      0.714598	       5.65878	
19.607	       1.98764	       4.60405	
19.929	       1.98764	       4.60405	
20.250	       2.08471	       24.1661	
20.571	       2.08471	       24.1661	
20.893	      0.865019	       163.677	
21.214	      0.865019	       163.677	
21.536	      0.882541	       3.63776	
21.857	      0.882541	       3.63776	
22.179	        1.0239	       1.87999	
22.500	        1.0239	       1.87999	
22.821	        1.0239	       1.87999	
23.143	             0	             0	
23.464	             0	             0	
23.786	        3.0808	             0	
24.107	        3.0808	             0	
24.429	       0.19959	             0	
24.750	       0.19959	             0	
25.071	       1.66412	      0.207887	
25.393	       1.66412	      0.207887	
25.714	     0.0520378	      0.645656	
26.036	     0.0520378	      0.645656	
26.357	     0.0520378	      0.645656	
26.679	             0	      0.385988	
27.000	             0	      0.385988	
27.321	             0	      0.991711	
27.643	             0	      0.991711	
27.964	      0.382173	             0	
28.286	      0.382173	             0	
28.607	             0	             0	
28.929	             0	             0	
29.250	      0.999566	             0	
29.571	      0.999566	             0	
29.893	             0	             0	
30.214	             0	             0	
30.536	             0	             0	
30.857	      0.942969	             0	
31.179	      0.942969	             0	
31.500	      0.635709	             0	
31.821	      0.635709	             0	
32.143	       3.28119	             0	
32.464	       3.28119	             0	
32.786	       1.36567	       1.60524	
33.107	       1.36567	       1.60524	
33.429	       1.63084	             0	
33.750	       1.63084	             0	
34.071	       1.63084	             0	
34.393	     0.0958127	      0.155622	
34.714	     0.0958127	      0.155622	
35.036	       2.64932	             0	
35.357	       2.64932	             0	
35.679	             0	       240.401	
36.000	             0	       240.401	
36.321	      0.754814	     0.0574121	
36.643	      0.754814	     0.0574121	
36.964	             0	      0.111473	
37.286	             0	      0.111473	
37.607	             0	      0.111473	
37.929	       0.30836	             0	
38.250	       0.30836	             0	
38.571	     0.0719688	             0	
38.893	     0.0719688	             0	
39.214	             0	             0	
39.536	             0	             0	
39.857	       1.20009	             0	
40.179	       1.20009	             0	
40.500	     0.0655926	             0	
40.821	     0.0655926	             0	
41.143	       1.86487	             0	
41.464	       1.86487	             0	
41.786	       1.86487	             0	
42.107	       1.35482	      0.294563	
42.429	       1.35482	      0.294563	
42.750	     0.0736124	             0	
43.071	     0.0736124	             0	
43.393	      0.331782	      0.293004	
43.714	      0.331782	      0.293004	
44.036	      0.873203	      0.179806	
44.357	      0.873203	      0.179806	
44.679	       3.50781	             0	
45.000	       3.50781	             0	
45.321	       3.50781	             0	
45.643	             0	             0	
45.964	             0	             0	
46.286	      0.536069	      0.349378	
46.607	      0.536069	      0.349378	
46.929	       1.85454	     0.0564115	
47.250	       1.85454	     0.0564115	
47.571	       1.14822	             0	
47.893	       1.14822	             0	
48.214	             0	             0	
48.536	             0	             0	
48.857	             0	             0	
49.179	       1.19102	             0	
49.500	       1.19102	             0	
49.821	      0.910003	             0	
50.143	      0.910003	             0	
50.464	             0	       0.81943	
50.786	             0	       0.81943	
51.107	       1.78849	             0	
51.429	       1.78849	             0	
51.750	             0	             0	
52.071	             0	             0	
52.393	       1.87703	             0	
52.714	       1.87703	             0	
53.036	       1.87703	             0	
53.357	       5.37542	             0	
53.679	       5.37542	             0	
54.000	       1.90502	             0	
54.321	       1.90502	             0	
54.643	       9.15627	             0	
54.964	       9.15627	             0	
55.286	       1.90327	             0	
55.607	       1.90327	             0	
55.929	        3.6591	             0	
56.250	        3.6591	             0	
56.571	        3.6591	             0	
56.893	       10.9448	             0	
57.214	       10.9448	             0	
57.536	      0.957888	             0	
57.857	      0.957888	             0	
58.179	       3.49707	             0	
58.500	       3.49707	             0	
58.821	             0	             0	
59.143	             0	             0	
59.464	       4.81755	      0.247632	
59.786	       4.81755	      0.247632	
60.107	       4.81755	      0.247632	
60.429	       11.5804	             0	
60.750	       11.5804	             0	
61.071	       2.71084	             0	
61.393	       2.71084	             0	
61.714	       2.90088	             0	
62.036	       2.90088	             0	
62.357	       7.07288	             0	
62.679	       7.07288	             0	
63.000	       4.35923	             0	
63.321	       4.35923	             0	
63.643	       8.21337	             0	
63.964	       8.21337	             0	
64.286	       8.21337	             0	
64.607	       1.50311	             0	
64.929	       1.50311	             0	
65.250	       2.90973	             0	
65.571	       2.90973	             0	
65.893	       5.87356	             0	
66.214	       5.87356	             0	
66.536	       4.90283	             0	
66.857	       4.90283	             0	
67.179	       5.82267	             0	
67.500	       5.82267	             0	
67.821	       5.82267	             0	
68.143	       9.70557	             0	
68.464	       9.70557	             0	
68.786	       4.85348	             0	
69.107	       4.85348	             0	
69.429	       6.79545	             0	
69.750	       6.79545	             0	
70.071	       7.76645	      0.139006	
70.393	       7.76645	      0.139006	
70.714	       7.76681	             0	
71.036	       7.76681	             0	
71.357	       7.76681	             0	
71.679	       7.76699	             0	
72.000	       7.76699	             0	
72.321	       9.70892	             0	
72.643	       9.70892	             0	
72.964	       6.79633	             0	
73.286	       6.79633	             0	
73.607	       7.05071	             0	
73.929	       7.05071	             0	
74.250	       5.82554	             0	
74.571	       5.82554	             0	
74.893	       11.6505	             0	
75.214	       11.6505	             0	
75.536	       11.6505	             0	
75.857	       8.73842	             0	
76.179	       8.73842	             0	
76.500	       4.85435	             0	
76.821	       4.85435	             0	
77.143	       3.88339	     0.0968312	
77.464	       3.88339	     0.0968312	
77.786	       5.82548	     0.0940015	
78.107	       5.82548	     0.0940015	
78.429	       6.79591	             0	
78.750	       6.79591	             0	
79.071	       6.79591	             0	
79.393	       15.5327	      0.350281	
79.714	       15.5327	      0.350281	
80.036	       4.85383	             0	
80.357	       4.85383	             0	
80.679	       299.923	             0	
81.000	       299.923	             0	
81.321	             0	     0.0803014	
81.643	             0	     0.0803014	
81.964	             0	             0	
82.286	             0	             0	
82.607	             0	             0	
82.929	             0	             0	
83.250	             0	             0	
83.571	             0	      0.145377	
83.893	             0	      0.145377	
84.214	             0	             0	
84.536	             0	             0	
84.857	             0	             0	
85.179	             0	             0	
85.500	             0	             0	
85.821	             0	             0	
86.143	             0	             0	
86.464	             0	             0	
86.786	             0	             0	
87.107	             0	             0	
87.429	             0	             0	
87.750	             0	             0	
88.071	             0	             0	
88.393	             0	      0.114498	
88.714	             0	      0.114498	
89.036	             0	     0.0551195	
89.357	             0	     0.0551195	
89.679	             0	             0	
90.000	             0	             0	
90.321	             0	             0	
90.643	             0	             0	
90.964	             0	             0	
91.286	     0.0658041	             0	
91.607	     0.0658041	             0	
91.929	             0	      0.100134	
92.250	             0	      0.100134	
92.571	      0.105953	             0	
92.893	      0.105953	             0	
93.214	             0	             0	
93.536	             0	             0	
93.857	             0	             0	
94.179	             0	             0	
94.500	             0	             0	
94.821	             0	             0	
95.143	             0	             0	
95.464	      0.631973	             0	
95.786	      0.631973	             0	
96.107	      0.312344	             0	
96.429	      0.312344	             0	
96.750	      0.110887	             0	
97.071	      0.110887	             0	
97.393	             0	             0	
97.714	             0	             0	
98.036	             0	             0	
98.357	      0.333219	             0	
98.679	      0.333219	             0	
99.000	       0.71093	             0	
99.321	       0.71093	             0	
99.643	       0.16609	             0	
99.964	       0.16609	             0	
100.286	       0.25541	             0	
100.607	       0.25541	             0	
100.929	             0	             0	
101.250	             0	             0	
101.571	             0	             0	
101.893	      0.402129	             0	
102.214	      0.402129	             0	
102.536	     0.0589232	             0	
102.857	     0.0589232	             0	
103.179	             0	             0	
103.500	             0	             0	
103.821	             0	             0	
104.143	             0	             0	
104.464	             0	             0	
104.786	             0	             0	
105.107	             0	             0	
105.429	      0.367102	             0	
105.750	      0.367102	             0	
106.071	      0.215396	             0	
106.393	      0.215396	             0	
106.714	      0.100255	             0	
107.036	      0.100255	             0	
107.357	             0	             0	
107.679	             0	             0	
108.000	             0	             0	
108.321	             0	             0	
108.643	             0	             0	
108.964	             0	             0	
109.286	             0	             0	
109.607	             0	             0	
109.929	             0	             0	
110.250	             0	             0	
110.571	             0	             0	
110.893	             0	             0	
111.214	             0	             0	
111.536	             0	             0	
111.857	             0	             0	
112.179	             0	             0	
112.500	             0	             0	
112.821	             0	             0	
113.143	             0	             0	
113.464	             0	             0	
113.786	             0	             0	
114.107	             0	             0	
114.429	             0	             0	
114.750	             0	             0	
115.071	             0	             0	
115.393	             0	             0	
115.714	             0	             0	
116.036	             0	             0	
116.357	             0	             0	
116.679	             0	             0	
117.000	             0	             0	
117.321	             0	             0	
117.643	             0	             0	
117.964	             0	             0	
118.286	             0	             0	
118.607	             0	             0	
118.929	             0	             0	
119.250	             0	             0	
119.571	             0	             0	
119.893	             0	             0	
120.214	             0	             0	
120.536	             0	             0	
120.857	             0	             0	
121.179	             0	             0	
121.500	             0	             0	
121.821	             0	             0	
122.143	             0	             0	
122.464	             0	             0	
122.786	             0	             0	
123.107	             0	             0	
123.429	             0	             0	
123.750	             0	             0	
124.071	             0	             0	
124.393	             0	             0	
124.714	             0	             0	
125.036	             0	             0	
125.357	             0	             0	
125.679	             0	             0	
126.000	             0	             0	
126.321	             0	             0	
126.643	             0	             0	
126.964	             0	             0	
127.286	             0	             0	
127.607	             0	             0	
127.929	             0	             0	
128.250	             0	             0	
128.571	             0	             0	
128.893	             0	             0	
129.214	             0	             0	
129.536	             0	             0	
129.857	             0	             0	
130.179	             0	             0	
130.500	             0	             0	
130.821	             0	             0	
131.143	             0	             0	
131.464	             0	             0	
131.786	             0	             0	
132.107	             0	             0	
132.429	             0	             0	
132.750	             0	             0	
133.071	             0	             0	
133.393	             0	             0	
133.714	             0	             0	
134.036	             0	             0	
134.357	             0	             0	
134.679	             0	             0	
135.000	             0	             0	
135.321	             0	             0	
135.643	             0	             0	
135.964	             0	             0	
136.286	             0	             0	
136.607	             0	             0	
136.929	             0	             0	
137.250	             0	             0	
137.571	             0	             0	
137.893	             0	             0	
138.214	             0	             0	
138.536	             0	             0	
138.857	             0	             0	
139.179	             0	             0	
139.500	             0	             0	
139.821	             0	             0	
140.143	             0	             0	
140.464	             0	             0	
140.786	             0	             0	
141.107	             0	             0	
141.429	             0	             0	
141.750	             0	             0	
142.071	             0	             0	
142.393	             0	             0	
142.714	             0	             0	
143.036	             0	             0	
143.357	             0	             0	
143.679	             0	             0	
144.000	             0	             0	
144.321	             0	             0	
144.643	             0	             0	
144.964	             0	             0	
145.286	             0	             0	
145.607	             0	             0	
145.929	             0	             0	
146.250	             0	             0	
146.571	             0	             0	
146.893	             0	             0	
147.214	             0	             0	
147.536	             0	             0	
147.857	             0	             0	
148.179	             0	             0	
148.500	             0	             0	
148.821	             0	             0	
149.143	             0	             0	
149.464	             0	             0	
149.786	             0	             0	
150.107	             0	             0	
150.429	             0	             0	
150.750	             0	             0	
151.071	             0	             0	
151.393	             0	             0	
151.714	             0	             0	
152.036	             0	             0	
152.357	             0	             0	
152.679	             0	             0	
153.000	             0	             0	
153.321	             0	             0	
153.643	             0	             0	
153.964	             0	             0	
154.286	             0	             0	
154.607	             0	             0	
154.929	             0	             0	
155.250	             0	             0	
155.571	             0	             0	
155.893	             0	             0	
156.214	             0	             0	
156.536	             0	             0	
156.857	             0	             0	
157.179	             0	             0	
157.500	             0	             0	
157.821	             0	             0	
158.143	             0	             0	
158.464	             0	             0	
158.786	             0	             0	
159.107	             0	             0	
159.429	             0	             0	
159.750	             0	             0	
160.071	             0	             0	
160.393	             0	             0	
160.714	             0	             0	
161.036	             0	             0	
161.357	             0	             0	
161.679	             0	             0	
162.000	             0	             0	
162.321	             0	             0	
162.643	             0	             0	
162.964	             0	             0	
163.286	             0	             0	
163.607	             0	             0	
163.929	             0	             0	
164.250	             0	             0	
164.571	             0	             0	
164.893	             0	             0	
165.214	             0	             0	
165.536	             0	             0	
165.857	             0	             0	
166.179	             0	             0	
166.500	             0	             0	
166.821	             0	             0	
167.143	             0	             0	
167.464	             0	             0	
167.786	             0	             0	
168.107	             0	             0	
168.429	             0	             0	
168.750	             0	             0	
169.071	             0	             0	
169.393	             0	             0	
169.714	             0	             0	
170.036	             0	             0	
170.357	             0	             0	
170.679	             0	             0	
171.000	             0	             0	
171.321	             0	             0	
171.643	             0	             0	
171.964	             0	             0	
172.286	             0	             0	
172.607	             0	             0	
172.929	             0	             0	
173.250	             0	             0	
173.571	             0	             0	
173.893	             0	             0	
174.214	             0	             0	
174.536	             0	             0	
174.857	             0	             0	
175.179	             0	             0	
175.500	             0	             0	
175.821	             0	             0	
176.143	             0	             0	
176.464	             0	             0	
176.786	             0	             0	
177.107	             0	             0	
177.429	             0	             0	
177.750	             0	             0	
178.071	             0	             0	
178.393	             0	             0	
178.714	             0	             0	
179.036	             0	             0	
179.357	             0	             0	
179.679	             0	             0	
180.000	             0	             0	
