
TracePro Release: 3 2 0 
Polar Candela Distribution Data for 
Data covers +/- 180.000 degrees from Normal
Data for Missed Rays
Data generated at 15:08:08 September 06, 2025

	   0.0	 180.0
0.000	      0.409889	      0.409889	
0.321	      0.409889	      0.409889	
0.643	             0	             0	
0.964	             0	             0	
1.286	             0	      0.224324	
1.607	             0	      0.224324	
1.929	      0.133697	      0.281229	
2.250	      0.133697	      0.281229	
2.571	             0	      0.123088	
2.893	             0	      0.123088	
3.214	      0.209178	      0.576026	
3.536	      0.209178	      0.576026	
3.857	      0.209178	      0.576026	
4.179	             0	      0.474565	
4.500	             0	      0.474565	
4.821	      0.474533	      0.918578	
5.143	      0.474533	      0.918578	
5.464	             0	      0.242214	
5.786	             0	      0.242214	
6.107	             0	             0	
6.429	             0	             0	
6.750	      0.120341	             0	
7.071	      0.120341	             0	
7.393	      0.446469	      0.937837	
7.714	      0.446469	      0.937837	
8.036	      0.446469	      0.937837	
8.357	      0.121648	      0.353718	
8.679	      0.121648	      0.353718	
9.000	      0.211431	      0.499691	
9.321	      0.211431	      0.499691	
9.643	      0.105986	             0	
9.964	      0.105986	             0	
10.286	             0	      0.372373	
10.607	             0	      0.372373	
10.929	     0.0736394	      0.129791	
11.250	     0.0736394	      0.129791	
11.571	     0.0736394	      0.129791	
11.893	             0	       1.43697	
12.214	             0	       1.43697	
12.536	             0	       1.98526	
12.857	             0	       1.98526	
13.179	             0	      0.870461	
13.500	             0	      0.870461	
13.821	             0	       2.24061	
14.143	             0	       2.24061	
14.464	             0	       7.14891	
14.786	             0	       7.14891	
15.107	             0	       7.14891	
15.429	             0	             0	
15.750	             0	             0	
16.071	      0.352352	      0.127436	
16.393	      0.352352	      0.127436	
16.714	      0.216861	      0.127502	
17.036	      0.216861	      0.127502	
17.357	       521.062	      0.187729	
17.679	       521.062	      0.187729	
18.000	      0.951972	     0.0581143	
18.321	      0.951972	     0.0581143	
18.643	      0.963845	      0.258114	
18.964	      0.963845	      0.258114	
19.286	      0.963845	      0.258114	
19.607	       3.59241	      0.459456	
19.929	       3.59241	      0.459456	
20.250	       2.78767	      0.634846	
20.571	       2.78767	      0.634846	
20.893	      0.881876	      0.447576	
21.214	      0.881876	      0.447576	
21.536	       1.00224	      0.772499	
21.857	       1.00224	      0.772499	
22.179	        1.9174	      0.188167	
22.500	        1.9174	      0.188167	
22.821	        1.9174	      0.188167	
23.143	       1.80249	      0.257658	
23.464	       1.80249	      0.257658	
23.786	       4.65764	      0.257727	
24.107	       4.65764	      0.257727	
24.429	       1.94343	      0.257745	
24.750	       1.94343	      0.257745	
25.071	       3.86172	      0.773339	
25.393	       3.86172	      0.773339	
25.714	        2.8578	             0	
26.036	        2.8578	             0	
26.357	        2.8578	             0	
26.679	       3.82353	      0.773396	
27.000	       3.82353	      0.773396	
27.321	       3.71714	       29.6212	
27.643	       3.71714	       29.6212	
27.964	       5.95249	        1.5536	
28.286	       5.95249	        1.5536	
28.607	       1.00441	      0.431282	
28.929	       1.00441	      0.431282	
29.250	       3.93029	      0.719377	
29.571	       3.93029	      0.719377	
29.893	      0.137381	      0.266865	
30.214	      0.137381	      0.266865	
30.536	      0.137381	      0.266865	
30.857	       2.89785	             0	
31.179	       2.89785	             0	
31.500	       5.75241	             0	
31.821	       5.75241	             0	
32.143	       4.11179	             0	
32.464	       4.11179	             0	
32.786	       3.79618	             0	
33.107	       3.79618	             0	
33.429	       5.70131	             0	
33.750	       5.70131	             0	
34.071	       5.70131	             0	
34.393	       6.77235	      0.213387	
34.714	       6.77235	      0.213387	
35.036	       2.92464	             0	
35.357	       2.92464	             0	
35.679	       5.72924	             0	
36.000	       5.72924	             0	
36.321	       3.82583	             0	
36.643	       3.82583	             0	
36.964	       5.74421	             0	
37.286	       5.74421	             0	
37.607	       5.74421	             0	
37.929	       5.92478	     0.0929572	
38.250	       5.92478	     0.0929572	
38.571	        6.8014	             0	
38.893	        6.8014	             0	
39.214	       3.83998	             0	
39.536	       3.83998	             0	
39.857	       8.64869	             0	
40.179	       8.64869	             0	
40.500	       6.86571	             0	
40.821	       6.86571	             0	
41.143	       3.96102	       19.2147	
41.464	       3.96102	       19.2147	
41.786	       3.96102	       19.2147	
42.107	       2.94415	             0	
42.429	       2.94415	             0	
42.750	       3.91899	             0	
43.071	       3.91899	             0	
43.393	       1.92832	             0	
43.714	       1.92832	             0	
44.036	      0.964577	             0	
44.357	      0.964577	             0	
44.679	       5.78916	             0	
45.000	       5.78916	             0	
45.321	       5.78916	             0	
45.643	       5.84913	             0	
45.964	       5.84913	             0	
46.286	       2.95096	      0.458974	
46.607	       2.95096	      0.458974	
46.929	       13.5262	      0.369645	
47.250	       13.5262	      0.369645	
47.571	      0.965545	     0.0501619	
47.893	      0.965545	     0.0501619	
48.214	       5.80023	             0	
48.536	       5.80023	             0	
48.857	       5.80023	             0	
49.179	       9.67191	             0	
49.500	       9.67191	             0	
49.821	       9.67038	             0	
50.143	       9.67038	             0	
50.464	       3.87243	             0	
50.786	       3.87243	             0	
51.107	       5.80146	             0	
51.429	       5.80146	             0	
51.750	        6.8993	             0	
52.071	        6.8993	             0	
52.393	       7.73581	             0	
52.714	       7.73581	             0	
53.036	       7.73581	             0	
53.357	        3.8676	             0	
53.679	        3.8676	             0	
54.000	       2.87846	             0	
54.321	       2.87846	             0	
54.643	       19.2499	             0	
54.964	       19.2499	             0	
55.286	       1.93768	             0	
55.607	       1.93768	             0	
55.929	       3.84697	             0	
56.250	       3.84697	             0	
56.571	       3.84697	             0	
56.893	       1.90222	             0	
57.214	       1.90222	             0	
57.536	       2.88486	             0	
57.857	       2.88486	             0	
58.179	       3.84871	             0	
58.500	       3.84871	             0	
58.821	       1.93476	             0	
59.143	       1.93476	             0	
59.464	       156.585	             0	
59.786	       156.585	             0	
60.107	       156.585	             0	
60.429	       1.86759	             0	
60.750	       1.86759	             0	
61.071	             0	             0	
61.393	             0	             0	
61.714	             0	             0	
62.036	             0	             0	
62.357	       0.92147	             0	
62.679	       0.92147	             0	
63.000	        1.8279	             0	
63.321	        1.8279	             0	
63.643	             0	             0	
63.964	             0	             0	
64.286	             0	             0	
64.607	             0	             0	
64.929	             0	             0	
65.250	             0	             0	
65.571	             0	             0	
65.893	             0	             0	
66.214	             0	             0	
66.536	      0.870093	             0	
66.857	      0.870093	             0	
67.179	             0	             0	
67.500	             0	             0	
67.821	             0	             0	
68.143	             0	             0	
68.464	             0	             0	
68.786	             0	             0	
69.107	             0	             0	
69.429	             0	             0	
69.750	             0	             0	
70.071	             0	             0	
70.393	             0	             0	
70.714	      0.789448	             0	
71.036	      0.789448	             0	
71.357	      0.789448	             0	
71.679	             0	             0	
72.000	             0	             0	
72.321	             0	             0	
72.643	             0	             0	
72.964	             0	             0	
73.286	             0	             0	
73.607	      0.116602	             0	
73.929	      0.116602	             0	
74.250	             0	             0	
74.571	             0	             0	
74.893	             0	             0	
75.214	             0	             0	
75.536	             0	             0	
75.857	             0	             0	
76.179	             0	             0	
76.500	      0.743942	             0	
76.821	      0.743942	             0	
77.143	      0.581542	             0	
77.464	      0.581542	             0	
77.786	             0	             0	
78.107	             0	             0	
78.429	             0	             0	
78.750	             0	             0	
79.071	             0	             0	
79.393	             0	             0	
79.714	             0	             0	
80.036	             0	             0	
80.357	             0	             0	
80.679	             0	             0	
81.000	             0	             0	
81.321	             0	             0	
81.643	             0	             0	
81.964	             0	             0	
82.286	             0	             0	
82.607	             0	             0	
82.929	      0.129599	             0	
83.250	      0.129599	             0	
83.571	             0	             0	
83.893	             0	             0	
84.214	      0.194162	             0	
84.536	      0.194162	             0	
84.857	     0.0770691	             0	
85.179	     0.0770691	             0	
85.500	      0.191702	             0	
85.821	      0.191702	             0	
86.143	      0.668106	             0	
86.464	      0.668106	             0	
86.786	      0.668106	             0	
87.107	      0.453275	             0	
87.429	      0.453275	             0	
87.750	        0.4865	             0	
88.071	        0.4865	             0	
88.393	       0.45522	             0	
88.714	       0.45522	             0	
89.036	      0.327747	             0	
89.357	      0.327747	             0	
89.679	      0.439059	             0	
90.000	      0.439059	             0	
90.321	      0.439059	             0	
90.643	      0.675228	             0	
90.964	      0.675228	             0	
91.286	      0.172796	             0	
91.607	      0.172796	             0	
91.929	             0	             0	
92.250	             0	             0	
92.571	             0	             0	
92.893	             0	             0	
93.214	             0	             0	
93.536	             0	             0	
93.857	             0	             0	
94.179	             0	             0	
94.500	             0	             0	
94.821	             0	             0	
95.143	             0	             0	
95.464	             0	             0	
95.786	             0	             0	
96.107	             0	             0	
96.429	             0	             0	
96.750	             0	             0	
97.071	             0	             0	
97.393	             0	             0	
97.714	             0	             0	
98.036	             0	             0	
98.357	             0	             0	
98.679	             0	             0	
99.000	             0	             0	
99.321	             0	             0	
99.643	             0	             0	
99.964	             0	             0	
100.286	             0	             0	
100.607	             0	             0	
100.929	             0	             0	
101.250	             0	             0	
101.571	             0	             0	
101.893	             0	             0	
102.214	             0	             0	
102.536	             0	             0	
102.857	             0	             0	
103.179	             0	             0	
103.500	             0	             0	
103.821	             0	             0	
104.143	             0	             0	
104.464	             0	             0	
104.786	             0	             0	
105.107	             0	             0	
105.429	             0	             0	
105.750	             0	             0	
106.071	             0	             0	
106.393	             0	             0	
106.714	             0	             0	
107.036	             0	             0	
107.357	             0	             0	
107.679	             0	             0	
108.000	             0	             0	
108.321	             0	             0	
108.643	             0	             0	
108.964	             0	             0	
109.286	             0	             0	
109.607	             0	             0	
109.929	             0	             0	
110.250	             0	             0	
110.571	             0	             0	
110.893	             0	             0	
111.214	             0	             0	
111.536	             0	             0	
111.857	             0	             0	
112.179	             0	             0	
112.500	             0	             0	
112.821	             0	             0	
113.143	             0	             0	
113.464	             0	             0	
113.786	             0	             0	
114.107	             0	             0	
114.429	             0	             0	
114.750	             0	             0	
115.071	             0	             0	
115.393	             0	             0	
115.714	             0	             0	
116.036	             0	             0	
116.357	             0	             0	
116.679	             0	             0	
117.000	             0	             0	
117.321	             0	             0	
117.643	             0	             0	
117.964	             0	             0	
118.286	             0	             0	
118.607	             0	             0	
118.929	             0	             0	
119.250	             0	             0	
119.571	             0	             0	
119.893	             0	             0	
120.214	             0	             0	
120.536	             0	             0	
120.857	             0	             0	
121.179	             0	             0	
121.500	             0	             0	
121.821	             0	             0	
122.143	             0	             0	
122.464	             0	             0	
122.786	             0	             0	
123.107	             0	             0	
123.429	             0	             0	
123.750	             0	             0	
124.071	             0	             0	
124.393	             0	             0	
124.714	             0	             0	
125.036	             0	             0	
125.357	             0	             0	
125.679	             0	             0	
126.000	             0	             0	
126.321	             0	             0	
126.643	             0	             0	
126.964	             0	             0	
127.286	             0	             0	
127.607	             0	             0	
127.929	             0	             0	
128.250	             0	             0	
128.571	             0	             0	
128.893	             0	             0	
129.214	             0	             0	
129.536	             0	             0	
129.857	             0	             0	
130.179	             0	             0	
130.500	             0	             0	
130.821	             0	             0	
131.143	             0	             0	
131.464	             0	             0	
131.786	             0	             0	
132.107	             0	             0	
132.429	             0	             0	
132.750	             0	             0	
133.071	             0	             0	
133.393	             0	             0	
133.714	             0	             0	
134.036	             0	             0	
134.357	             0	             0	
134.679	             0	             0	
135.000	             0	             0	
135.321	             0	             0	
135.643	             0	             0	
135.964	             0	             0	
136.286	             0	             0	
136.607	             0	             0	
136.929	             0	             0	
137.250	             0	             0	
137.571	             0	             0	
137.893	             0	             0	
138.214	             0	             0	
138.536	             0	             0	
138.857	             0	             0	
139.179	             0	             0	
139.500	             0	             0	
139.821	             0	             0	
140.143	             0	             0	
140.464	             0	             0	
140.786	             0	             0	
141.107	             0	             0	
141.429	             0	             0	
141.750	             0	             0	
142.071	             0	             0	
142.393	             0	             0	
142.714	             0	             0	
143.036	             0	             0	
143.357	             0	             0	
143.679	             0	             0	
144.000	             0	             0	
144.321	             0	             0	
144.643	             0	             0	
144.964	             0	             0	
145.286	             0	             0	
145.607	             0	             0	
145.929	             0	             0	
146.250	             0	             0	
146.571	             0	             0	
146.893	             0	             0	
147.214	             0	             0	
147.536	             0	             0	
147.857	             0	             0	
148.179	             0	             0	
148.500	             0	             0	
148.821	             0	             0	
149.143	             0	             0	
149.464	             0	             0	
149.786	             0	             0	
150.107	             0	             0	
150.429	             0	             0	
150.750	             0	             0	
151.071	             0	             0	
151.393	             0	             0	
151.714	             0	             0	
152.036	             0	             0	
152.357	             0	             0	
152.679	             0	             0	
153.000	             0	             0	
153.321	             0	             0	
153.643	             0	             0	
153.964	             0	             0	
154.286	             0	             0	
154.607	             0	             0	
154.929	             0	             0	
155.250	             0	             0	
155.571	             0	             0	
155.893	             0	             0	
156.214	             0	             0	
156.536	             0	             0	
156.857	             0	             0	
157.179	             0	             0	
157.500	             0	             0	
157.821	             0	             0	
158.143	             0	             0	
158.464	             0	             0	
158.786	             0	             0	
159.107	             0	             0	
159.429	             0	             0	
159.750	             0	             0	
160.071	             0	             0	
160.393	             0	             0	
160.714	             0	             0	
161.036	             0	             0	
161.357	             0	             0	
161.679	             0	             0	
162.000	             0	             0	
162.321	             0	             0	
162.643	             0	             0	
162.964	             0	             0	
163.286	             0	             0	
163.607	             0	             0	
163.929	             0	             0	
164.250	             0	             0	
164.571	             0	             0	
164.893	             0	             0	
165.214	             0	             0	
165.536	             0	             0	
165.857	             0	             0	
166.179	             0	             0	
166.500	             0	             0	
166.821	             0	             0	
167.143	             0	             0	
167.464	             0	             0	
167.786	             0	             0	
168.107	             0	             0	
168.429	             0	             0	
168.750	             0	             0	
169.071	             0	             0	
169.393	             0	             0	
169.714	             0	             0	
170.036	             0	             0	
170.357	             0	             0	
170.679	             0	             0	
171.000	             0	             0	
171.321	             0	             0	
171.643	             0	             0	
171.964	             0	             0	
172.286	             0	             0	
172.607	             0	             0	
172.929	             0	             0	
173.250	             0	             0	
173.571	             0	             0	
173.893	             0	             0	
174.214	             0	             0	
174.536	             0	             0	
174.857	             0	             0	
175.179	             0	             0	
175.500	             0	             0	
175.821	             0	             0	
176.143	             0	             0	
176.464	             0	             0	
176.786	             0	             0	
177.107	             0	             0	
177.429	             0	             0	
177.750	             0	             0	
178.071	             0	             0	
178.393	             0	             0	
178.714	             0	             0	
179.036	             0	             0	
179.357	             0	             0	
179.679	             0	             0	
180.000	             0	             0	
