
TracePro Release: 3 2 0 
Polar Candela Distribution Data for 
Data covers +/- 180.000 degrees from Normal
Data for Missed Rays
Data generated at 14:39:28 September 06, 2025

	   0.0	 180.0
0.000	      0.179838	      0.179838	
0.321	      0.179838	      0.179838	
0.643	       2.41997	             0	
0.964	       2.41997	             0	
1.286	      0.806042	       1.61551	
1.607	      0.806042	       1.61551	
1.929	      0.913071	       4.84879	
2.250	      0.913071	       4.84879	
2.571	       5.14796	       1.77372	
2.893	       5.14796	       1.77372	
3.214	        5.3631	       1.61721	
3.536	        5.3631	       1.61721	
3.857	        5.3631	       1.61721	
4.179	             0	       1.70728	
4.500	             0	       1.70728	
4.821	             0	       1.79663	
5.143	             0	       1.79663	
5.464	        2.0757	      0.634684	
5.786	        2.0757	      0.634684	
6.107	             0	       1.82343	
6.429	             0	       1.82343	
6.750	      0.533766	             0	
7.071	      0.533766	             0	
7.393	       1.73692	       7.26649	
7.714	       1.73692	       7.26649	
8.036	       1.73692	       7.26649	
8.357	       2.17487	     0.0545027	
8.679	       2.17487	     0.0545027	
9.000	             0	       3.92739	
9.321	             0	       3.92739	
9.643	       1.56163	       0.90465	
9.964	       1.56163	       0.90465	
10.286	       1.55992	             0	
10.607	       1.55992	             0	
10.929	             0	       1.85541	
11.250	             0	       1.85541	
11.571	             0	       1.85541	
11.893	       12.6825	      0.973629	
12.214	       12.6825	      0.973629	
12.536	       2.16243	       1.80223	
12.857	       2.16243	       1.80223	
13.179	       4.74496	       1.78815	
13.500	       4.74496	       1.78815	
13.821	        1.6395	       1.80075	
14.143	        1.6395	       1.80075	
14.464	       0.77676	      0.134948	
14.786	       0.77676	      0.134948	
15.107	       0.77676	      0.134948	
15.429	       2.18432	      0.133995	
15.750	       2.18432	      0.133995	
16.071	        1.6527	        1.3081	
16.393	        1.6527	        1.3081	
16.714	       6.27526	             0	
17.036	       6.27526	             0	
17.357	       1.65887	             0	
17.679	       1.65887	             0	
18.000	             0	             0	
18.321	             0	             0	
18.643	       1.57979	      0.900189	
18.964	       1.57979	      0.900189	
19.286	       1.57979	      0.900189	
19.607	       1.50713	             0	
19.929	       1.50713	             0	
20.250	       1.50587	             0	
20.571	       1.50587	             0	
20.893	      0.670672	             0	
21.214	      0.670672	             0	
21.536	       3.93296	       2.65244	
21.857	       3.93296	       2.65244	
22.179	       1.51603	             0	
22.500	       1.51603	             0	
22.821	       1.51603	             0	
23.143	       3.13347	      0.483727	
23.464	       3.13347	      0.483727	
23.786	       1.66157	       1.17868	
24.107	       1.66157	       1.17868	
24.429	       1.56425	      0.134112	
24.750	       1.56425	      0.134112	
25.071	       3.28762	        1.6412	
25.393	       3.28762	        1.6412	
25.714	      0.749651	      0.812273	
26.036	      0.749651	      0.812273	
26.357	      0.749651	      0.812273	
26.679	      0.843802	      0.206466	
27.000	      0.843802	      0.206466	
27.321	             0	             0	
27.643	             0	             0	
27.964	       1.71948	       1.66469	
28.286	       1.71948	       1.66469	
28.607	       1.45904	             0	
28.929	       1.45904	             0	
29.250	      0.723923	             0	
29.571	      0.723923	             0	
29.893	      0.197041	             0	
30.214	      0.197041	             0	
30.536	      0.197041	             0	
30.857	      0.857521	             0	
31.179	      0.857521	             0	
31.500	       2.10717	             0	
31.821	       2.10717	             0	
32.143	        1.8926	      0.868355	
32.464	        1.8926	      0.868355	
32.786	             0	             0	
33.107	             0	             0	
33.429	       1.90013	             0	
33.750	       1.90013	             0	
34.071	       1.90013	             0	
34.393	             0	             0	
34.714	             0	             0	
35.036	       1.16483	      0.108316	
35.357	       1.16483	      0.108316	
35.679	       4.34278	      0.102285	
36.000	       4.34278	      0.102285	
36.321	       1.27567	             0	
36.643	       1.27567	             0	
36.964	       1.49054	        1.5895	
37.286	       1.49054	        1.5895	
37.607	       1.49054	        1.5895	
37.929	       1.65097	             0	
38.250	       1.65097	             0	
38.571	       4.10435	             0	
38.893	       4.10435	             0	
39.214	       2.55478	             0	
39.536	       2.55478	             0	
39.857	       2.19394	             0	
40.179	       2.19394	             0	
40.500	      0.561946	             0	
40.821	      0.561946	             0	
41.143	       1.26398	             0	
41.464	       1.26398	             0	
41.786	       1.26398	             0	
42.107	      0.972321	             0	
42.429	      0.972321	             0	
42.750	             0	             0	
43.071	             0	             0	
43.393	       1.60034	      0.175711	
43.714	       1.60034	      0.175711	
44.036	       1.68645	     0.0719432	
44.357	       1.68645	     0.0719432	
44.679	       3.66672	      0.101191	
45.000	       3.66672	      0.101191	
45.321	       3.66672	      0.101191	
45.643	       1.13673	       0.06326	
45.964	       1.13673	       0.06326	
46.286	             0	       1.35328	
46.607	             0	       1.35328	
46.929	       1.86203	             0	
47.250	       1.86203	             0	
47.571	      0.134128	             0	
47.893	      0.134128	             0	
48.214	       1.99544	             0	
48.536	       1.99544	             0	
48.857	       1.99544	             0	
49.179	      0.496012	             0	
49.500	      0.496012	             0	
49.821	       1.84072	             0	
50.143	       1.84072	             0	
50.464	       1.93604	             0	
50.786	       1.93604	             0	
51.107	      0.968361	             0	
51.429	      0.968361	             0	
51.750	       4.91352	             0	
52.071	       4.91352	             0	
52.393	       2.17829	             0	
52.714	       2.17829	             0	
53.036	       2.17829	             0	
53.357	       2.94137	             0	
53.679	       2.94137	             0	
54.000	         2.883	      0.197101	
54.321	         2.883	      0.197101	
54.643	       9.63491	             0	
54.964	       9.63491	             0	
55.286	       3.85538	             0	
55.607	       3.85538	             0	
55.929	       2.90437	             0	
56.250	       2.90437	             0	
56.571	       2.90437	             0	
56.893	             0	             0	
57.214	             0	             0	
57.536	       0.96672	             0	
57.857	       0.96672	             0	
58.179	       2.90488	             0	
58.500	       2.90488	             0	
58.821	       4.84037	             0	
59.143	       4.84037	             0	
59.464	       6.78017	             0	
59.786	       6.78017	             0	
60.107	       6.78017	             0	
60.429	       7.75441	             0	
60.750	       7.75441	             0	
61.071	       2.90852	             0	
61.393	       2.90852	             0	
61.714	       4.84899	             0	
62.036	       4.84899	             0	
62.357	       1.94011	             0	
62.679	       1.94011	             0	
63.000	       2.72345	             0	
63.321	       2.72345	             0	
63.643	        5.8223	             0	
63.964	        5.8223	             0	
64.286	        5.8223	             0	
64.607	         3.882	             0	
64.929	         3.882	             0	
65.250	       3.88233	             0	
65.571	       3.88233	             0	
65.893	       1.94133	             0	
66.214	       1.94133	             0	
66.536	       7.76573	             0	
66.857	       7.76573	             0	
67.179	       5.82443	             0	
67.500	       5.82443	             0	
67.821	       5.82443	             0	
68.143	       17.4739	             0	
68.464	       17.4739	             0	
68.786	       8.73714	             0	
69.107	       8.73714	             0	
69.429	         5.825	             0	
69.750	         5.825	             0	
70.071	       6.79585	             0	
70.393	       6.79585	             0	
70.714	       9.70863	             0	
71.036	       9.70863	             0	
71.357	       9.70863	             0	
71.679	       3.88338	             0	
72.000	       3.88338	             0	
72.321	       3.88354	             0	
72.643	       3.88354	             0	
72.964	       3.88353	             0	
73.286	       3.88353	             0	
73.607	       3.88347	             0	
73.929	       3.88347	             0	
74.250	       673.772	             0	
74.571	       673.772	             0	
74.893	             0	             0	
75.214	             0	             0	
75.536	             0	             0	
75.857	             0	             0	
76.179	             0	             0	
76.500	             0	             0	
76.821	             0	             0	
77.143	             0	             0	
77.464	             0	             0	
77.786	     0.0763364	             0	
78.107	     0.0763364	             0	
78.429	             0	             0	
78.750	             0	             0	
79.071	             0	             0	
79.393	             0	             0	
79.714	             0	             0	
80.036	             0	             0	
80.357	             0	             0	
80.679	      0.184414	             0	
81.000	      0.184414	             0	
81.321	             0	             0	
81.643	             0	             0	
81.964	             0	             0	
82.286	             0	             0	
82.607	             0	             0	
82.929	             0	             0	
83.250	             0	             0	
83.571	             0	             0	
83.893	             0	             0	
84.214	      0.147069	             0	
84.536	      0.147069	             0	
84.857	       1.32254	             0	
85.179	       1.32254	             0	
85.500	     0.0681631	             0	
85.821	     0.0681631	             0	
86.143	             0	             0	
86.464	             0	             0	
86.786	             0	             0	
87.107	             0	             0	
87.429	             0	             0	
87.750	     0.0603322	             0	
88.071	     0.0603322	             0	
88.393	      0.857282	             0	
88.714	      0.857282	             0	
89.036	             0	             0	
89.357	             0	             0	
89.679	             0	             0	
90.000	             0	             0	
90.321	             0	             0	
90.643	        1.6662	             0	
90.964	        1.6662	             0	
91.286	       1.06652	             0	
91.607	       1.06652	             0	
91.929	      0.415905	             0	
92.250	      0.415905	             0	
92.571	      0.121262	             0	
92.893	      0.121262	             0	
93.214	      0.955613	             0	
93.536	      0.955613	             0	
93.857	      0.955613	             0	
94.179	      0.582316	             0	
94.500	      0.582316	             0	
94.821	             0	             0	
95.143	             0	             0	
95.464	             0	             0	
95.786	             0	             0	
96.107	      0.128262	             0	
96.429	      0.128262	             0	
96.750	     0.0509793	             0	
97.071	     0.0509793	             0	
97.393	      0.110547	             0	
97.714	      0.110547	             0	
98.036	      0.110547	             0	
98.357	       6.82685	             0	
98.679	       6.82685	             0	
99.000	             0	             0	
99.321	             0	             0	
99.643	             0	             0	
99.964	             0	             0	
100.286	             0	             0	
100.607	             0	             0	
100.929	             0	             0	
101.250	             0	             0	
101.571	             0	             0	
101.893	             0	             0	
102.214	             0	             0	
102.536	             0	             0	
102.857	             0	             0	
103.179	             0	             0	
103.500	             0	             0	
103.821	             0	             0	
104.143	             0	             0	
104.464	             0	             0	
104.786	             0	             0	
105.107	             0	             0	
105.429	             0	             0	
105.750	             0	             0	
106.071	             0	             0	
106.393	             0	             0	
106.714	             0	             0	
107.036	             0	             0	
107.357	             0	             0	
107.679	             0	             0	
108.000	             0	             0	
108.321	             0	             0	
108.643	             0	             0	
108.964	             0	             0	
109.286	             0	             0	
109.607	             0	             0	
109.929	             0	             0	
110.250	             0	             0	
110.571	             0	             0	
110.893	             0	             0	
111.214	             0	             0	
111.536	             0	             0	
111.857	             0	             0	
112.179	             0	             0	
112.500	             0	             0	
112.821	             0	             0	
113.143	             0	             0	
113.464	             0	             0	
113.786	             0	             0	
114.107	             0	             0	
114.429	             0	             0	
114.750	             0	             0	
115.071	             0	             0	
115.393	             0	             0	
115.714	             0	             0	
116.036	             0	             0	
116.357	             0	             0	
116.679	             0	             0	
117.000	             0	             0	
117.321	             0	             0	
117.643	             0	             0	
117.964	             0	             0	
118.286	             0	             0	
118.607	             0	             0	
118.929	             0	             0	
119.250	             0	             0	
119.571	             0	             0	
119.893	             0	             0	
120.214	             0	             0	
120.536	             0	             0	
120.857	             0	             0	
121.179	             0	             0	
121.500	             0	             0	
121.821	             0	             0	
122.143	             0	             0	
122.464	             0	             0	
122.786	             0	             0	
123.107	             0	             0	
123.429	             0	             0	
123.750	             0	             0	
124.071	             0	             0	
124.393	             0	             0	
124.714	             0	             0	
125.036	             0	             0	
125.357	             0	             0	
125.679	             0	             0	
126.000	             0	             0	
126.321	             0	             0	
126.643	             0	             0	
126.964	             0	             0	
127.286	             0	             0	
127.607	             0	             0	
127.929	             0	             0	
128.250	             0	             0	
128.571	             0	             0	
128.893	             0	             0	
129.214	             0	             0	
129.536	             0	             0	
129.857	             0	             0	
130.179	             0	             0	
130.500	             0	             0	
130.821	             0	             0	
131.143	             0	             0	
131.464	             0	             0	
131.786	             0	             0	
132.107	             0	             0	
132.429	             0	             0	
132.750	             0	             0	
133.071	             0	             0	
133.393	             0	             0	
133.714	             0	             0	
134.036	             0	             0	
134.357	             0	             0	
134.679	             0	             0	
135.000	             0	             0	
135.321	             0	             0	
135.643	             0	             0	
135.964	             0	             0	
136.286	             0	             0	
136.607	             0	             0	
136.929	             0	             0	
137.250	             0	             0	
137.571	             0	             0	
137.893	             0	             0	
138.214	             0	             0	
138.536	             0	             0	
138.857	             0	             0	
139.179	             0	             0	
139.500	             0	             0	
139.821	             0	             0	
140.143	             0	             0	
140.464	             0	             0	
140.786	             0	             0	
141.107	             0	             0	
141.429	             0	             0	
141.750	             0	             0	
142.071	             0	             0	
142.393	             0	             0	
142.714	             0	             0	
143.036	             0	             0	
143.357	             0	             0	
143.679	             0	             0	
144.000	             0	             0	
144.321	             0	             0	
144.643	             0	             0	
144.964	             0	             0	
145.286	             0	             0	
145.607	             0	             0	
145.929	             0	             0	
146.250	             0	             0	
146.571	             0	             0	
146.893	             0	             0	
147.214	             0	             0	
147.536	             0	             0	
147.857	             0	             0	
148.179	             0	             0	
148.500	             0	             0	
148.821	             0	             0	
149.143	             0	             0	
149.464	             0	             0	
149.786	             0	             0	
150.107	             0	             0	
150.429	             0	             0	
150.750	             0	             0	
151.071	             0	             0	
151.393	             0	             0	
151.714	             0	             0	
152.036	             0	             0	
152.357	             0	             0	
152.679	             0	             0	
153.000	             0	             0	
153.321	             0	             0	
153.643	             0	             0	
153.964	             0	             0	
154.286	             0	             0	
154.607	             0	             0	
154.929	             0	             0	
155.250	             0	             0	
155.571	             0	             0	
155.893	             0	             0	
156.214	             0	             0	
156.536	             0	             0	
156.857	             0	             0	
157.179	             0	             0	
157.500	             0	             0	
157.821	             0	             0	
158.143	             0	             0	
158.464	             0	             0	
158.786	             0	             0	
159.107	             0	             0	
159.429	             0	             0	
159.750	             0	             0	
160.071	             0	             0	
160.393	             0	             0	
160.714	             0	             0	
161.036	             0	             0	
161.357	             0	             0	
161.679	             0	             0	
162.000	             0	             0	
162.321	             0	             0	
162.643	             0	             0	
162.964	             0	             0	
163.286	             0	             0	
163.607	             0	             0	
163.929	             0	             0	
164.250	             0	             0	
164.571	             0	             0	
164.893	             0	             0	
165.214	             0	             0	
165.536	             0	             0	
165.857	             0	             0	
166.179	             0	             0	
166.500	             0	             0	
166.821	             0	             0	
167.143	             0	             0	
167.464	             0	             0	
167.786	             0	             0	
168.107	             0	             0	
168.429	             0	             0	
168.750	             0	             0	
169.071	             0	             0	
169.393	             0	             0	
169.714	             0	             0	
170.036	             0	             0	
170.357	             0	             0	
170.679	             0	             0	
171.000	             0	             0	
171.321	             0	             0	
171.643	             0	             0	
171.964	             0	             0	
172.286	             0	             0	
172.607	             0	             0	
172.929	             0	             0	
173.250	             0	             0	
173.571	             0	             0	
173.893	             0	             0	
174.214	             0	             0	
174.536	             0	             0	
174.857	             0	             0	
175.179	             0	             0	
175.500	             0	             0	
175.821	             0	             0	
176.143	             0	             0	
176.464	             0	             0	
176.786	             0	             0	
177.107	             0	             0	
177.429	             0	             0	
177.750	             0	             0	
178.071	             0	             0	
178.393	             0	             0	
178.714	             0	             0	
179.036	             0	             0	
179.357	             0	             0	
179.679	             0	             0	
180.000	             0	             0	
