
TracePro Release: 3 2 0 
Polar Candela Distribution Data for 
Data covers +/- 180.000 degrees from Normal
Data for Missed Rays
Data generated at 21:04:56 September 08, 2025

	   0.0	 180.0
0.000	      0.109837	      0.109837	
0.321	      0.109837	      0.109837	
0.643	             0	      0.105072	
0.964	             0	      0.105072	
1.286	      0.133146	      0.387667	
1.607	      0.133146	      0.387667	
1.929	      0.133146	      0.190547	
2.250	      0.133146	      0.190547	
2.571	      0.133146	             0	
2.893	      0.133146	             0	
3.214	             0	      0.232142	
3.536	             0	      0.232142	
3.857	             0	      0.232142	
4.179	      0.333528	      0.124082	
4.500	      0.333528	      0.124082	
4.821	             0	      0.318846	
5.143	             0	      0.318846	
5.464	             0	       0.17801	
5.786	             0	       0.17801	
6.107	      0.198028	      0.757511	
6.429	      0.198028	      0.757511	
6.750	     0.0606018	      0.171635	
7.071	     0.0606018	      0.171635	
7.393	             0	      0.251931	
7.714	             0	      0.251931	
8.036	             0	      0.251931	
8.357	             0	      0.228581	
8.679	             0	      0.228581	
9.000	             0	       1.03911	
9.321	             0	       1.03911	
9.643	     0.0907946	      0.125702	
9.964	     0.0907946	      0.125702	
10.286	      0.179693	       1.50775	
10.607	      0.179693	       1.50775	
10.929	      0.125882	       1.32933	
11.250	      0.125882	       1.32933	
11.571	      0.125882	       1.32933	
11.893	             0	       1.21846	
12.214	             0	       1.21846	
12.536	             0	       4.61024	
12.857	             0	       4.61024	
13.179	             0	      0.822922	
13.500	             0	      0.822922	
13.821	             0	      0.391516	
14.143	             0	      0.391516	
14.464	             0	             0	
14.786	             0	             0	
15.107	             0	             0	
15.429	     0.0976264	             0	
15.750	     0.0976264	             0	
16.071	             0	             0	
16.393	             0	             0	
16.714	      0.230494	       0.11275	
17.036	      0.230494	       0.11275	
17.357	       410.847	      0.446466	
17.679	       410.847	      0.446466	
18.000	       1.70009	      0.323767	
18.321	       1.70009	      0.323767	
18.643	       2.58226	       1.00273	
18.964	       2.58226	       1.00273	
19.286	       2.58226	       1.00273	
19.607	        7.1551	      0.243769	
19.929	        7.1551	      0.243769	
20.250	      0.964685	       1.25511	
20.571	      0.964685	       1.25511	
20.893	       1.76622	      0.237301	
21.214	       1.76622	      0.237301	
21.536	       2.67818	      0.512014	
21.857	       2.67818	      0.512014	
22.179	       3.83193	      0.256157	
22.500	       3.83193	      0.256157	
22.821	       3.83193	      0.256157	
23.143	       3.69877	       1.53759	
23.464	       3.69877	       1.53759	
23.786	       1.82006	      0.230207	
24.107	       1.82006	      0.230207	
24.429	        3.6539	       1.23001	
24.750	        3.6539	       1.23001	
25.071	       5.50742	      0.241059	
25.393	       5.50742	      0.241059	
25.714	       6.45691	      0.256437	
26.036	       6.45691	      0.256437	
26.357	       6.45691	      0.256437	
26.679	        3.7027	       2.82527	
27.000	        3.7027	       2.82527	
27.321	       1.15642	       1.13949	
27.643	       1.15642	       1.13949	
27.964	        9.5459	        4.8089	
28.286	        9.5459	        4.8089	
28.607	       1.87263	       31.3478	
28.929	       1.87263	       31.3478	
29.250	       5.86485	      0.118296	
29.571	       5.86485	      0.118296	
29.893	       9.58735	             0	
30.214	       9.58735	             0	
30.536	       9.58735	             0	
30.857	        6.5997	       0.45873	
31.179	        6.5997	       0.45873	
31.500	       5.87375	     0.0562568	
31.821	       5.87375	     0.0562568	
32.143	        7.9419	      0.271904	
32.464	        7.9419	      0.271904	
32.786	       7.58939	      0.216455	
33.107	       7.58939	      0.216455	
33.429	       7.60594	             0	
33.750	       7.60594	             0	
34.071	       7.60594	             0	
34.393	       3.89788	             0	
34.714	       3.89788	             0	
35.036	       6.87701	             0	
35.357	       6.87701	             0	
35.679	       5.73101	             0	
36.000	       5.73101	             0	
36.321	       7.84759	      0.105847	
36.643	       7.84759	      0.105847	
36.964	       6.79107	             0	
37.286	       6.79107	             0	
37.607	       6.79107	             0	
37.929	       13.5916	             0	
38.250	       13.5916	             0	
38.571	        6.7674	             0	
38.893	        6.7674	             0	
39.214	       26.8836	     0.0694924	
39.536	       26.8836	     0.0694924	
39.857	       8.73869	             0	
40.179	       8.73869	             0	
40.500	       10.6894	             0	
40.821	       10.6894	             0	
41.143	       13.4736	             0	
41.464	       13.4736	             0	
41.786	       13.4736	             0	
42.107	       7.76335	       7.18987	
42.429	       7.76335	       7.18987	
42.750	       4.00214	      0.466829	
43.071	       4.00214	      0.466829	
43.393	       8.15942	      0.845098	
43.714	       8.15942	      0.845098	
44.036	       1.92905	      0.359668	
44.357	       1.92905	      0.359668	
44.679	       11.5729	      0.817675	
45.000	       11.5729	      0.817675	
45.321	       11.5729	      0.817675	
45.643	       4.98547	             0	
45.964	       4.98547	             0	
46.286	             0	             0	
46.607	             0	             0	
46.929	       11.5863	             0	
47.250	       11.5863	             0	
47.571	      0.965527	             0	
47.893	      0.965527	             0	
48.214	       5.79284	             0	
48.536	       5.79284	             0	
48.857	       5.79284	             0	
49.179	       5.79199	             0	
49.500	       5.79199	             0	
49.821	       4.82475	             0	
50.143	       4.82475	             0	
50.464	       2.15442	             0	
50.786	       2.15442	             0	
51.107	        1.9285	             0	
51.429	        1.9285	             0	
51.750	       1.92564	             0	
52.071	       1.92564	             0	
52.393	       3.84742	             0	
52.714	       3.84742	             0	
53.036	       3.84742	             0	
53.357	       2.89159	             0	
53.679	       2.89159	             0	
54.000	       2.89799	             0	
54.321	       2.89799	             0	
54.643	       3.87742	             0	
54.964	       3.87742	             0	
55.286	       5.81692	             0	
55.607	       5.81692	             0	
55.929	       6.77229	             0	
56.250	       6.77229	             0	
56.571	       6.77229	             0	
56.893	       11.6023	             0	
57.214	       11.6023	             0	
57.536	       4.76475	             0	
57.857	       4.76475	             0	
58.179	       9.65357	             0	
58.500	       9.65357	             0	
58.821	       8.75463	             0	
59.143	       8.75463	             0	
59.464	       4.78719	             0	
59.786	       4.78719	             0	
60.107	       4.78719	             0	
60.429	       11.6416	             0	
60.750	       11.6416	             0	
61.071	        6.8134	             0	
61.393	        6.8134	             0	
61.714	       9.65379	             0	
62.036	       9.65379	             0	
62.357	       4.92543	             0	
62.679	       4.92543	             0	
63.000	       3.82067	             0	
63.321	       3.82067	             0	
63.643	       9.69713	             0	
63.964	       9.69713	             0	
64.286	       9.69713	             0	
64.607	       7.60808	             0	
64.929	       7.60808	             0	
65.250	       3.87658	             0	
65.571	       3.87658	             0	
65.893	       5.81167	             0	
66.214	       5.81167	             0	
66.536	        3.8722	             0	
66.857	        3.8722	             0	
67.179	       157.462	             0	
67.500	       157.462	             0	
67.821	       157.462	             0	
68.143	             0	             0	
68.464	             0	             0	
68.786	             0	             0	
69.107	             0	             0	
69.429	       1.03924	             0	
69.750	       1.03924	             0	
70.071	             0	             0	
70.393	             0	             0	
70.714	       0.10636	             0	
71.036	       0.10636	             0	
71.357	       0.10636	             0	
71.679	             0	             0	
72.000	             0	             0	
72.321	             0	             0	
72.643	             0	             0	
72.964	      0.747857	             0	
73.286	      0.747857	             0	
73.607	        1.4483	             0	
73.929	        1.4483	             0	
74.250	             0	             0	
74.571	             0	             0	
74.893	             0	             0	
75.214	             0	             0	
75.536	             0	             0	
75.857	             0	             0	
76.179	             0	             0	
76.500	      0.113726	             0	
76.821	      0.113726	             0	
77.143	             0	             0	
77.464	             0	             0	
77.786	      0.557078	             0	
78.107	      0.557078	             0	
78.429	             0	             0	
78.750	             0	             0	
79.071	             0	             0	
79.393	             0	             0	
79.714	             0	             0	
80.036	             0	             0	
80.357	             0	             0	
80.679	      0.426175	             0	
81.000	      0.426175	             0	
81.321	             0	             0	
81.643	             0	             0	
81.964	             0	             0	
82.286	             0	             0	
82.607	             0	             0	
82.929	             0	             0	
83.250	             0	             0	
83.571	             0	             0	
83.893	             0	             0	
84.214	             0	             0	
84.536	             0	             0	
84.857	             0	             0	
85.179	             0	             0	
85.500	             0	             0	
85.821	             0	             0	
86.143	             0	             0	
86.464	             0	             0	
86.786	             0	             0	
87.107	             0	             0	
87.429	             0	             0	
87.750	       0.11377	             0	
88.071	       0.11377	             0	
88.393	             0	             0	
88.714	             0	             0	
89.036	      0.257168	             0	
89.357	      0.257168	             0	
89.679	       0.25468	             0	
90.000	       0.25468	             0	
90.321	       0.25468	             0	
90.643	             0	             0	
90.964	             0	             0	
91.286	      0.232516	             0	
91.607	      0.232516	             0	
91.929	             0	             0	
92.250	             0	             0	
92.571	             0	             0	
92.893	             0	             0	
93.214	             0	             0	
93.536	             0	             0	
93.857	             0	             0	
94.179	      0.225923	             0	
94.500	      0.225923	             0	
94.821	      0.244983	             0	
95.143	      0.244983	             0	
95.464	             0	             0	
95.786	             0	             0	
96.107	             0	             0	
96.429	             0	             0	
96.750	             0	             0	
97.071	             0	             0	
97.393	             0	             0	
97.714	             0	             0	
98.036	             0	             0	
98.357	             0	             0	
98.679	             0	             0	
99.000	             0	             0	
99.321	             0	             0	
99.643	             0	             0	
99.964	             0	             0	
100.286	             0	             0	
100.607	             0	             0	
100.929	             0	             0	
101.250	             0	             0	
101.571	             0	             0	
101.893	             0	             0	
102.214	             0	             0	
102.536	             0	             0	
102.857	             0	             0	
103.179	             0	             0	
103.500	             0	             0	
103.821	             0	             0	
104.143	             0	             0	
104.464	             0	             0	
104.786	             0	             0	
105.107	             0	             0	
105.429	             0	             0	
105.750	             0	             0	
106.071	             0	             0	
106.393	             0	             0	
106.714	             0	             0	
107.036	             0	             0	
107.357	             0	             0	
107.679	             0	             0	
108.000	             0	             0	
108.321	             0	             0	
108.643	             0	             0	
108.964	             0	             0	
109.286	             0	             0	
109.607	             0	             0	
109.929	             0	             0	
110.250	             0	             0	
110.571	             0	             0	
110.893	             0	             0	
111.214	             0	             0	
111.536	             0	             0	
111.857	             0	             0	
112.179	             0	             0	
112.500	             0	             0	
112.821	             0	             0	
113.143	             0	             0	
113.464	             0	             0	
113.786	             0	             0	
114.107	             0	             0	
114.429	             0	             0	
114.750	             0	             0	
115.071	             0	             0	
115.393	             0	             0	
115.714	             0	             0	
116.036	             0	             0	
116.357	             0	             0	
116.679	             0	             0	
117.000	             0	             0	
117.321	             0	             0	
117.643	             0	             0	
117.964	             0	             0	
118.286	             0	             0	
118.607	             0	             0	
118.929	             0	             0	
119.250	             0	             0	
119.571	             0	             0	
119.893	             0	             0	
120.214	             0	             0	
120.536	             0	             0	
120.857	             0	             0	
121.179	             0	             0	
121.500	             0	             0	
121.821	             0	             0	
122.143	             0	             0	
122.464	             0	             0	
122.786	             0	             0	
123.107	             0	             0	
123.429	             0	             0	
123.750	             0	             0	
124.071	             0	             0	
124.393	             0	             0	
124.714	             0	             0	
125.036	             0	             0	
125.357	             0	             0	
125.679	             0	             0	
126.000	             0	             0	
126.321	             0	             0	
126.643	             0	             0	
126.964	             0	             0	
127.286	             0	             0	
127.607	             0	             0	
127.929	             0	             0	
128.250	             0	             0	
128.571	             0	             0	
128.893	             0	             0	
129.214	             0	             0	
129.536	             0	             0	
129.857	             0	             0	
130.179	             0	             0	
130.500	             0	             0	
130.821	             0	             0	
131.143	             0	             0	
131.464	             0	             0	
131.786	             0	             0	
132.107	             0	             0	
132.429	             0	             0	
132.750	             0	             0	
133.071	             0	             0	
133.393	             0	             0	
133.714	             0	             0	
134.036	             0	             0	
134.357	             0	             0	
134.679	             0	             0	
135.000	             0	             0	
135.321	             0	             0	
135.643	             0	             0	
135.964	             0	             0	
136.286	             0	             0	
136.607	             0	             0	
136.929	             0	             0	
137.250	             0	             0	
137.571	             0	             0	
137.893	             0	             0	
138.214	             0	             0	
138.536	             0	             0	
138.857	             0	             0	
139.179	             0	             0	
139.500	             0	             0	
139.821	             0	             0	
140.143	             0	             0	
140.464	             0	             0	
140.786	             0	             0	
141.107	             0	             0	
141.429	             0	             0	
141.750	             0	             0	
142.071	             0	             0	
142.393	             0	             0	
142.714	             0	             0	
143.036	             0	             0	
143.357	             0	             0	
143.679	             0	             0	
144.000	             0	             0	
144.321	             0	             0	
144.643	             0	             0	
144.964	             0	             0	
145.286	             0	             0	
145.607	             0	             0	
145.929	             0	             0	
146.250	             0	             0	
146.571	             0	             0	
146.893	             0	             0	
147.214	             0	             0	
147.536	             0	             0	
147.857	             0	             0	
148.179	             0	             0	
148.500	             0	             0	
148.821	             0	             0	
149.143	             0	             0	
149.464	             0	             0	
149.786	             0	             0	
150.107	             0	             0	
150.429	             0	             0	
150.750	             0	             0	
151.071	             0	             0	
151.393	             0	             0	
151.714	             0	             0	
152.036	             0	             0	
152.357	             0	             0	
152.679	             0	             0	
153.000	             0	             0	
153.321	             0	             0	
153.643	             0	             0	
153.964	             0	             0	
154.286	             0	             0	
154.607	             0	             0	
154.929	             0	             0	
155.250	             0	             0	
155.571	             0	             0	
155.893	             0	             0	
156.214	             0	             0	
156.536	             0	             0	
156.857	             0	             0	
157.179	             0	             0	
157.500	             0	             0	
157.821	             0	             0	
158.143	             0	             0	
158.464	             0	             0	
158.786	             0	             0	
159.107	             0	             0	
159.429	             0	             0	
159.750	             0	             0	
160.071	             0	             0	
160.393	             0	             0	
160.714	             0	             0	
161.036	             0	             0	
161.357	             0	             0	
161.679	             0	             0	
162.000	             0	             0	
162.321	             0	             0	
162.643	             0	             0	
162.964	             0	             0	
163.286	             0	             0	
163.607	             0	             0	
163.929	             0	             0	
164.250	             0	             0	
164.571	             0	             0	
164.893	             0	             0	
165.214	             0	             0	
165.536	             0	             0	
165.857	             0	             0	
166.179	             0	             0	
166.500	             0	             0	
166.821	             0	             0	
167.143	             0	             0	
167.464	             0	             0	
167.786	             0	             0	
168.107	             0	             0	
168.429	             0	             0	
168.750	             0	             0	
169.071	             0	             0	
169.393	             0	             0	
169.714	             0	             0	
170.036	             0	             0	
170.357	             0	             0	
170.679	             0	             0	
171.000	             0	             0	
171.321	             0	             0	
171.643	             0	             0	
171.964	             0	             0	
172.286	             0	             0	
172.607	             0	             0	
172.929	             0	             0	
173.250	             0	             0	
173.571	             0	             0	
173.893	             0	             0	
174.214	             0	             0	
174.536	             0	             0	
174.857	             0	             0	
175.179	             0	             0	
175.500	             0	             0	
175.821	             0	             0	
176.143	             0	             0	
176.464	             0	             0	
176.786	             0	             0	
177.107	             0	             0	
177.429	             0	             0	
177.750	             0	             0	
178.071	             0	             0	
178.393	             0	             0	
178.714	             0	             0	
179.036	             0	             0	
179.357	             0	             0	
179.679	             0	             0	
180.000	             0	             0	
