
TracePro Release: 3 2 0 
Polar Candela Distribution Data for 
Data covers +/- 180.000 degrees from Normal
Data for Missed Rays
Data generated at 21:36:45 September 08, 2025

	   0.0	 180.0
0.000	             0	             0	
0.321	             0	             0	
0.643	             0	             0	
0.964	             0	             0	
1.286	             0	             0	
1.607	             0	             0	
1.929	             0	             0	
2.250	             0	             0	
2.571	             0	             0	
2.893	             0	             0	
3.214	             0	      0.124399	
3.536	             0	      0.124399	
3.857	             0	      0.124399	
4.179	             0	             0	
4.500	             0	             0	
4.821	             0	      0.492104	
5.143	             0	      0.492104	
5.464	             0	             0	
5.786	             0	             0	
6.107	             0	             0	
6.429	             0	             0	
6.750	     0.0604697	      0.064088	
7.071	     0.0604697	      0.064088	
7.393	             0	             0	
7.714	             0	             0	
8.036	             0	             0	
8.357	     0.0670673	             0	
8.679	     0.0670673	             0	
9.000	             0	             0	
9.321	             0	             0	
9.643	             0	     0.0558274	
9.964	             0	     0.0558274	
10.286	             0	     0.0646971	
10.607	             0	     0.0646971	
10.929	     0.0507105	      0.193584	
11.250	     0.0507105	      0.193584	
11.571	     0.0507105	      0.193584	
11.893	      0.202343	      0.260646	
12.214	      0.202343	      0.260646	
12.536	      0.102971	             0	
12.857	      0.102971	             0	
13.179	             0	             0	
13.500	             0	             0	
13.821	       0.10842	      0.129904	
14.143	       0.10842	      0.129904	
14.464	     0.0546799	             0	
14.786	     0.0546799	             0	
15.107	     0.0546799	             0	
15.429	      0.167708	      0.751532	
15.750	      0.167708	      0.751532	
16.071	     0.0564299	      0.446542	
16.393	     0.0564299	      0.446542	
16.714	      0.229501	     0.0502758	
17.036	      0.229501	     0.0502758	
17.357	       0.11612	             0	
17.679	       0.11612	             0	
18.000	      0.287053	     0.0646375	
18.321	      0.287053	     0.0646375	
18.643	             0	      0.179694	
18.964	             0	      0.179694	
19.286	             0	      0.179694	
19.607	       0.10704	      0.574974	
19.929	       0.10704	      0.574974	
20.250	      0.240934	      0.258897	
20.571	      0.240934	      0.258897	
20.893	      0.243181	             0	
21.214	      0.243181	             0	
21.536	     0.0612288	             0	
21.857	     0.0612288	             0	
22.179	       1.30462	      0.830214	
22.500	       1.30462	      0.830214	
22.821	       1.30462	      0.830214	
23.143	      0.123719	      0.110826	
23.464	      0.123719	      0.110826	
23.786	     0.0621874	      0.059076	
24.107	     0.0621874	      0.059076	
24.429	     0.0622491	     0.0518386	
24.750	     0.0622491	     0.0518386	
25.071	      0.226152	     0.0606708	
25.393	      0.226152	     0.0606708	
25.714	     0.0626205	             0	
26.036	     0.0626205	             0	
26.357	     0.0626205	             0	
26.679	      0.182256	             0	
27.000	      0.182256	             0	
27.321	     0.0628596	             0	
27.643	     0.0628596	             0	
27.964	      0.232552	             0	
28.286	      0.232552	             0	
28.607	             0	             0	
28.929	             0	             0	
29.250	     0.0630318	             0	
29.571	     0.0630318	             0	
29.893	       0.11484	             0	
30.214	       0.11484	             0	
30.536	       0.11484	             0	
30.857	      0.245584	      0.118521	
31.179	      0.245584	      0.118521	
31.500	             0	      0.126321	
31.821	             0	      0.126321	
32.143	      0.483849	     0.0568581	
32.464	      0.483849	     0.0568581	
32.786	      0.125152	     0.0553475	
33.107	      0.125152	     0.0553475	
33.429	      0.374658	             0	
33.750	      0.374658	             0	
34.071	      0.374658	             0	
34.393	             0	             0	
34.714	             0	             0	
35.036	             0	     0.0515651	
35.357	             0	     0.0515651	
35.679	             0	      0.118627	
36.000	             0	      0.118627	
36.321	             0	      0.201089	
36.643	             0	      0.201089	
36.964	             0	      0.891424	
37.286	             0	      0.891424	
37.607	             0	      0.891424	
37.929	             0	             0	
38.250	             0	             0	
38.571	             0	             0	
38.893	             0	             0	
39.214	             0	             0	
39.536	             0	             0	
39.857	             0	             0	
40.179	             0	             0	
40.500	             0	             0	
40.821	             0	             0	
41.143	             0	             0	
41.464	             0	             0	
41.786	             0	             0	
42.107	             0	      0.118131	
42.429	             0	      0.118131	
42.750	     0.0588625	             0	
43.071	     0.0588625	             0	
43.393	             0	             0	
43.714	             0	             0	
44.036	             0	     0.0589894	
44.357	             0	     0.0589894	
44.679	             0	             0	
45.000	             0	             0	
45.321	             0	             0	
45.643	             0	             0	
45.964	             0	             0	
46.286	     0.0590154	             0	
46.607	     0.0590154	             0	
46.929	             0	             0	
47.250	             0	             0	
47.571	             0	             0	
47.893	             0	             0	
48.214	     0.0604478	             0	
48.536	     0.0604478	             0	
48.857	     0.0604478	             0	
49.179	             0	             0	
49.500	             0	             0	
49.821	     0.0591236	             0	
50.143	     0.0591236	             0	
50.464	             0	             0	
50.786	             0	             0	
51.107	     0.0591552	             0	
51.429	     0.0591552	             0	
51.750	       214.307	             0	
52.071	       214.307	             0	
52.393	       1.94287	             0	
52.714	       1.94287	             0	
53.036	       1.94287	             0	
53.357	       1.89514	             0	
53.679	       1.89514	             0	
54.000	       3.75524	             0	
54.321	       3.75524	             0	
54.643	             0	             0	
54.964	             0	             0	
55.286	      0.933391	             0	
55.607	      0.933391	             0	
55.929	       1.87848	             0	
56.250	       1.87848	             0	
56.571	       1.87848	             0	
56.893	       1.88463	             0	
57.214	       1.88463	             0	
57.536	        1.8901	             0	
57.857	        1.8901	             0	
58.179	       3.91847	             0	
58.500	       3.91847	             0	
58.821	       2.85462	             0	
59.143	       2.85462	             0	
59.464	       3.82151	             0	
59.786	       3.82151	             0	
60.107	       3.82151	             0	
60.429	        7.7781	             0	
60.750	        7.7781	             0	
61.071	       1.91852	             0	
61.393	       1.91852	             0	
61.714	      0.961724	             0	
62.036	      0.961724	             0	
62.357	       3.85151	             0	
62.679	       3.85151	             0	
63.000	       1.02307	             0	
63.321	       1.02307	             0	
63.643	       15.4461	             0	
63.964	       15.4461	             0	
64.286	       15.4461	             0	
64.607	       4.83245	             0	
64.929	       4.83245	             0	
65.250	       2.90189	             0	
65.571	       2.90189	             0	
65.893	       2.90418	             0	
66.214	       2.90418	             0	
66.536	       4.84302	             0	
66.857	       4.84302	             0	
67.179	       4.84575	             0	
67.500	       4.84575	             0	
67.821	       4.84575	             0	
68.143	       5.81755	             0	
68.464	       5.81755	             0	
68.786	       5.87279	             0	
69.107	       5.87279	             0	
69.429	       7.76174	             0	
69.750	       7.76174	             0	
70.071	       8.73338	             0	
70.393	       8.73338	             0	
70.714	       9.76515	             0	
71.036	       9.76515	             0	
71.357	       9.76515	             0	
71.679	       15.7687	             0	
72.000	       15.7687	             0	
72.321	       6.79555	             0	
72.643	       6.79555	             0	
72.964	       5.82513	             0	
73.286	       5.82513	             0	
73.607	       11.7692	             0	
73.929	       11.7692	             0	
74.250	       4.85457	             0	
74.571	       4.85457	             0	
74.893	       15.5349	             0	
75.214	       15.5349	             0	
75.536	       15.5349	             0	
75.857	       8.73844	             0	
76.179	       8.73844	             0	
76.500	       4.85472	             0	
76.821	       4.85472	             0	
77.143	       10.8584	             0	
77.464	       10.8584	             0	
77.786	       12.6224	             0	
78.107	       12.6224	             0	
78.429	        14.683	             0	
78.750	        14.683	             0	
79.071	        14.683	             0	
79.393	       29.1287	             0	
79.714	       29.1287	             0	
80.036	       7.82693	             0	
80.357	       7.82693	             0	
80.679	       10.6803	             0	
81.000	       10.6803	             0	
81.321	       16.5055	             0	
81.643	       16.5055	             0	
81.964	       14.6224	             0	
82.286	       14.6224	             0	
82.607	       14.6224	             0	
82.929	       11.6497	             0	
83.250	       11.6497	             0	
83.571	       5.82429	             0	
83.893	       5.82429	             0	
84.214	       9.70555	             0	
84.536	       9.70555	             0	
84.857	       10.7334	             0	
85.179	       10.7334	             0	
85.500	        6.8478	             0	
85.821	        6.8478	             0	
86.143	       13.6855	             0	
86.464	       13.6855	             0	
86.786	       13.6855	             0	
87.107	       6.95316	             0	
87.429	       6.95316	             0	
87.750	       9.74792	             0	
88.071	       9.74792	             0	
88.393	       2.96226	             0	
88.714	       2.96226	             0	
89.036	       8.94205	             0	
89.357	       8.94205	             0	
89.679	       2.89875	             0	
90.000	       2.89875	             0	
90.321	       2.89875	             0	
90.643	       19.3114	             0	
90.964	       19.3114	             0	
91.286	       5.90034	             0	
91.607	       5.90034	             0	
91.929	       3.00809	             0	
92.250	       3.00809	             0	
92.571	       4.80654	             0	
92.893	       4.80654	             0	
93.214	       6.71423	             0	
93.536	       6.71423	             0	
93.857	       6.71423	             0	
94.179	       15.3119	             0	
94.500	       15.3119	             0	
94.821	       2.86401	             0	
95.143	       2.86401	             0	
95.464	             0	             0	
95.786	             0	             0	
96.107	             0	             0	
96.429	             0	             0	
96.750	       1.89072	             0	
97.071	       1.89072	             0	
97.393	       2.82185	             0	
97.714	       2.82185	             0	
98.036	       2.82185	             0	
98.357	       1.87034	             0	
98.679	       1.87034	             0	
99.000	      0.930705	             0	
99.321	      0.930705	             0	
99.643	       2.77982	             0	
99.964	       2.77982	             0	
100.286	       2.76083	             0	
100.607	       2.76083	             0	
100.929	       333.235	             0	
101.250	       333.235	             0	
101.571	       333.235	             0	
101.893	             0	             0	
102.214	             0	             0	
102.536	             0	             0	
102.857	             0	             0	
103.179	             0	             0	
103.500	             0	             0	
103.821	             0	             0	
104.143	             0	             0	
104.464	             0	             0	
104.786	             0	             0	
105.107	             0	             0	
105.429	             0	             0	
105.750	             0	             0	
106.071	             0	             0	
106.393	             0	             0	
106.714	             0	             0	
107.036	             0	             0	
107.357	             0	             0	
107.679	             0	             0	
108.000	             0	             0	
108.321	             0	             0	
108.643	             0	             0	
108.964	             0	             0	
109.286	             0	             0	
109.607	             0	             0	
109.929	             0	             0	
110.250	             0	             0	
110.571	             0	             0	
110.893	             0	             0	
111.214	             0	             0	
111.536	             0	             0	
111.857	             0	             0	
112.179	             0	             0	
112.500	             0	             0	
112.821	             0	             0	
113.143	             0	             0	
113.464	             0	             0	
113.786	             0	             0	
114.107	             0	             0	
114.429	             0	             0	
114.750	             0	             0	
115.071	     0.0685815	             0	
115.393	     0.0685815	             0	
115.714	     0.0642672	             0	
116.036	     0.0642672	             0	
116.357	     0.0642672	             0	
116.679	      0.278383	             0	
117.000	      0.278383	             0	
117.321	             0	             0	
117.643	             0	             0	
117.964	      0.280529	             0	
118.286	      0.280529	             0	
118.607	             0	             0	
118.929	             0	             0	
119.250	      0.282533	             0	
119.571	      0.282533	             0	
119.893	     0.0707863	             0	
120.214	     0.0707863	             0	
120.536	     0.0707863	             0	
120.857	      0.284118	             0	
121.179	      0.284118	             0	
121.500	       0.32409	             0	
121.821	       0.32409	             0	
122.143	             0	             0	
122.464	             0	             0	
122.786	     0.0539798	             0	
123.107	     0.0539798	             0	
123.429	     0.0715731	             0	
123.750	     0.0715731	             0	
124.071	     0.0715731	             0	
124.393	      0.143436	             0	
124.714	      0.143436	             0	
125.036	      0.143529	             0	
125.357	      0.143529	             0	
125.679	      0.143627	             0	
126.000	      0.143627	             0	
126.321	      0.143735	             0	
126.643	      0.143735	             0	
126.964	      0.215718	             0	
127.286	      0.215718	             0	
127.607	      0.215718	             0	
127.929	     0.0719437	             0	
128.250	     0.0719437	             0	
128.571	      0.215904	             0	
128.893	      0.215904	             0	
129.214	      0.287918	             0	
129.536	      0.287918	             0	
129.857	      0.071983	             0	
130.179	      0.071983	             0	
130.500	      0.287933	             0	
130.821	      0.287933	             0	
131.143	      0.287905	             0	
131.464	      0.287905	             0	
131.786	      0.287905	             0	
132.107	       1.15142	             0	
132.429	       1.15142	             0	
132.750	      0.215843	             0	
133.071	      0.215843	             0	
133.393	      0.359655	             0	
133.714	      0.359655	             0	
134.036	      0.287606	             0	
134.357	      0.287606	             0	
134.679	      0.143715	             0	
135.000	      0.143715	             0	
135.321	      0.143715	             0	
135.643	      0.215474	             0	
135.964	      0.215474	             0	
136.286	      0.358986	             0	
136.607	      0.358986	             0	
136.929	      0.430515	             0	
137.250	      0.430515	             0	
137.571	             0	             0	
137.893	             0	             0	
138.214	      0.214972	             0	
138.536	      0.214972	             0	
138.857	      0.214972	             0	
139.179	      0.143174	             0	
139.500	      0.143174	             0	
139.821	      0.143118	             0	
140.143	      0.143118	             0	
140.464	      0.214475	             0	
140.786	      0.214475	             0	
141.107	      0.499965	             0	
141.429	      0.499965	             0	
141.750	      0.214091	             0	
142.071	      0.214091	             0	
142.393	      0.356323	             0	
142.714	      0.356323	             0	
143.036	      0.356323	             0	
143.357	      0.284773	             0	
143.679	      0.284773	             0	
144.000	      0.213201	             0	
144.321	      0.213201	             0	
144.643	      0.213037	             0	
144.964	      0.213037	             0	
145.286	      0.566906	             0	
145.607	      0.566906	             0	
145.929	       7.85495	             0	
146.250	       7.85495	             0	
146.571	       7.85495	             0	
146.893	             0	             0	
147.214	             0	             0	
147.536	             0	             0	
147.857	             0	             0	
148.179	             0	             0	
148.500	             0	             0	
148.821	             0	             0	
149.143	             0	             0	
149.464	             0	             0	
149.786	             0	             0	
150.107	             0	             0	
150.429	      0.121315	             0	
150.750	      0.121315	             0	
151.071	             0	             0	
151.393	             0	             0	
151.714	             0	             0	
152.036	             0	             0	
152.357	             0	             0	
152.679	             0	             0	
153.000	             0	             0	
153.321	             0	             0	
153.643	             0	             0	
153.964	             0	             0	
154.286	             0	             0	
154.607	      0.104228	             0	
154.929	      0.104228	             0	
155.250	             0	             0	
155.571	             0	             0	
155.893	             0	             0	
156.214	             0	             0	
156.536	             0	             0	
156.857	             0	             0	
157.179	             0	             0	
157.500	             0	             0	
157.821	             0	             0	
158.143	             0	             0	
158.464	             0	             0	
158.786	             0	             0	
159.107	             0	             0	
159.429	             0	             0	
159.750	             0	             0	
160.071	             0	             0	
160.393	             0	             0	
160.714	             0	             0	
161.036	             0	             0	
161.357	             0	             0	
161.679	             0	             0	
162.000	             0	             0	
162.321	             0	             0	
162.643	             0	             0	
162.964	             0	             0	
163.286	             0	             0	
163.607	             0	             0	
163.929	             0	             0	
164.250	             0	             0	
164.571	             0	             0	
164.893	             0	             0	
165.214	             0	             0	
165.536	             0	             0	
165.857	             0	             0	
166.179	             0	             0	
166.500	             0	             0	
166.821	             0	             0	
167.143	             0	             0	
167.464	             0	             0	
167.786	             0	             0	
168.107	             0	             0	
168.429	             0	             0	
168.750	             0	             0	
169.071	             0	             0	
169.393	             0	             0	
169.714	             0	             0	
170.036	             0	             0	
170.357	             0	             0	
170.679	             0	             0	
171.000	             0	             0	
171.321	             0	             0	
171.643	             0	             0	
171.964	             0	             0	
172.286	             0	             0	
172.607	             0	             0	
172.929	             0	             0	
173.250	             0	             0	
173.571	             0	             0	
173.893	             0	             0	
174.214	             0	             0	
174.536	             0	             0	
174.857	             0	             0	
175.179	             0	             0	
175.500	             0	             0	
175.821	             0	             0	
176.143	             0	             0	
176.464	             0	             0	
176.786	             0	             0	
177.107	             0	             0	
177.429	             0	             0	
177.750	             0	             0	
178.071	             0	             0	
178.393	             0	             0	
178.714	             0	             0	
179.036	             0	             0	
179.357	             0	             0	
179.679	             0	             0	
180.000	             0	             0	
