
TracePro Release: 3 2 0 
Polar Candela Distribution Data for 
Data covers +/- 180.000 degrees from Normal
Data for Missed Rays
Data generated at 16:12:55 September 06, 2025

	   0.0	 180.0
0.000	       1.35996	       1.35996	
0.321	       1.35996	       1.35996	
0.643	      0.678749	       0.67989	
0.964	      0.678749	       0.67989	
1.286	       2.83799	       2.63389	
1.607	       2.83799	       2.63389	
1.929	       4.23586	             0	
2.250	       4.23586	             0	
2.571	       1.64863	      0.675613	
2.893	       1.64863	      0.675613	
3.214	       7.46053	      0.757646	
3.536	       7.46053	      0.757646	
3.857	       7.46053	      0.757646	
4.179	        3.3069	             0	
4.500	        3.3069	             0	
4.821	       5.29532	       1.53735	
5.143	       5.29532	       1.53735	
5.464	       1.72687	       1.40026	
5.786	       1.72687	       1.40026	
6.107	       3.86166	       5.57119	
6.429	       3.86166	       5.57119	
6.750	       5.34045	       2.16744	
7.071	       5.34045	       2.16744	
7.393	       4.74117	       6.78852	
7.714	       4.74117	       6.78852	
8.036	       4.74117	       6.78852	
8.357	       3.59443	       3.10013	
8.679	       3.59443	       3.10013	
9.000	       2.48866	       5.47595	
9.321	       2.48866	       5.47595	
9.643	       4.76235	       10.5164	
9.964	       4.76235	       10.5164	
10.286	       7.40993	       7.26765	
10.607	       7.40993	       7.26765	
10.929	       7.84924	       4.78725	
11.250	       7.84924	       4.78725	
11.571	       7.84924	       4.78725	
11.893	       12.8501	       3.81169	
12.214	       12.8501	       3.81169	
12.536	       6.67653	       12.4695	
12.857	       6.67653	       12.4695	
13.179	       7.67943	       2.25132	
13.500	       7.67943	       2.25132	
13.821	       2.84222	       9.36561	
14.143	       2.84222	       9.36561	
14.464	       3.00182	       3.20135	
14.786	       3.00182	       3.20135	
15.107	       3.00182	       3.20135	
15.429	       4.67774	       8.30232	
15.750	       4.67774	       8.30232	
16.071	       1.98027	       3.71998	
16.393	       1.98027	       3.71998	
16.714	       6.95809	       3.46991	
17.036	       6.95809	       3.46991	
17.357	        2.9569	         2.123	
17.679	        2.9569	         2.123	
18.000	        6.0599	             0	
18.321	        6.0599	             0	
18.643	       1.33796	      0.754522	
18.964	       1.33796	      0.754522	
19.286	       1.33796	      0.754522	
19.607	       7.14254	       7.40628	
19.929	       7.14254	       7.40628	
20.250	       4.68451	       16.5599	
20.571	       4.68451	       16.5599	
20.893	        4.1177	       5.16917	
21.214	        4.1177	       5.16917	
21.536	       3.49016	       14.8914	
21.857	       3.49016	       14.8914	
22.179	       2.54725	        4.2866	
22.500	       2.54725	        4.2866	
22.821	       2.54725	        4.2866	
23.143	        4.7647	       8.05478	
23.464	        4.7647	       8.05478	
23.786	       3.68813	        1.4169	
24.107	       3.68813	        1.4169	
24.429	             0	       1.17783	
24.750	             0	       1.17783	
25.071	       1.28704	      0.890265	
25.393	       1.28704	      0.890265	
25.714	       8.41746	       1.39476	
26.036	       8.41746	       1.39476	
26.357	       8.41746	       1.39476	
26.679	      0.895092	       1.41206	
27.000	      0.895092	       1.41206	
27.321	       8.80308	       1.50873	
27.643	       8.80308	       1.50873	
27.964	       8.08737	       3.13397	
28.286	       8.08737	       3.13397	
28.607	       4.19382	      0.563678	
28.929	       4.19382	      0.563678	
29.250	       3.27776	       250.687	
29.571	       3.27776	       250.687	
29.893	       8.26681	       1.99971	
30.214	       8.26681	       1.99971	
30.536	       8.26681	       1.99971	
30.857	       1.53627	       1.54443	
31.179	       1.53627	       1.54443	
31.500	       1.01963	       5.69359	
31.821	       1.01963	       5.69359	
32.143	       10.4483	       3.74157	
32.464	       10.4483	       3.74157	
32.786	       7.55824	       5.15226	
33.107	       7.55824	       5.15226	
33.429	       6.20177	       11.7935	
33.750	       6.20177	       11.7935	
34.071	       6.20177	       11.7935	
34.393	       1.15959	       15.5148	
34.714	       1.15959	       15.5148	
35.036	       1.28847	       7.06433	
35.357	       1.28847	       7.06433	
35.679	       3.84747	        80.087	
36.000	       3.84747	        80.087	
36.321	       1.44506	       2.89046	
36.643	       1.44506	       2.89046	
36.964	       2.97118	       9.38691	
37.286	       2.97118	       9.38691	
37.607	       2.97118	       9.38691	
37.929	       1.89396	       2.85761	
38.250	       1.89396	       2.85761	
38.571	      0.793472	        11.747	
38.893	      0.793472	        11.747	
39.214	       6.26257	       7.85629	
39.536	       6.26257	       7.85629	
39.857	       3.70073	       5.93466	
40.179	       3.70073	       5.93466	
40.500	      0.216777	       4.76537	
40.821	      0.216777	       4.76537	
41.143	         1.337	       3.31224	
41.464	         1.337	       3.31224	
41.786	         1.337	       3.31224	
42.107	       2.48847	       2.33242	
42.429	       2.48847	       2.33242	
42.750	       2.32083	       0.66003	
43.071	       2.32083	       0.66003	
43.393	       6.95764	       4.70075	
43.714	       6.95764	       4.70075	
44.036	      0.635132	       0.87696	
44.357	      0.635132	       0.87696	
44.679	        3.3107	      0.680339	
45.000	        3.3107	      0.680339	
45.321	        3.3107	      0.680339	
45.643	       0.19356	      0.865261	
45.964	       0.19356	      0.865261	
46.286	       1.41671	      0.902772	
46.607	       1.41671	      0.902772	
46.929	       2.24582	       0.32562	
47.250	       2.24582	       0.32562	
47.571	        1.7273	      0.443278	
47.893	        1.7273	      0.443278	
48.214	      0.635477	      0.386926	
48.536	      0.635477	      0.386926	
48.857	      0.635477	      0.386926	
49.179	       1.87052	             0	
49.500	       1.87052	             0	
49.821	      0.533712	             0	
50.143	      0.533712	             0	
50.464	       6.74839	      0.159914	
50.786	       6.74839	      0.159914	
51.107	      0.935994	      0.206694	
51.429	      0.935994	      0.206694	
51.750	        0.2703	             0	
52.071	        0.2703	             0	
52.393	             0	             0	
52.714	             0	             0	
53.036	             0	             0	
53.357	        2.5099	             0	
53.679	        2.5099	             0	
54.000	       1.57306	             0	
54.321	       1.57306	             0	
54.643	       2.86479	             0	
54.964	       2.86479	             0	
55.286	       1.10084	     0.0678882	
55.607	       1.10084	     0.0678882	
55.929	      0.635605	     0.0667545	
56.250	      0.635605	     0.0667545	
56.571	      0.635605	     0.0667545	
56.893	       1.31152	             0	
57.214	       1.31152	             0	
57.536	        2.2805	             0	
57.857	        2.2805	             0	
58.179	       1.18771	             0	
58.500	       1.18771	             0	
58.821	             0	             0	
59.143	             0	             0	
59.464	      0.937686	             0	
59.786	      0.937686	             0	
60.107	      0.937686	             0	
60.429	             0	      0.109391	
60.750	             0	      0.109391	
61.071	       2.01468	             0	
61.393	       2.01468	             0	
61.714	             0	             0	
62.036	             0	             0	
62.357	       2.44151	             0	
62.679	       2.44151	             0	
63.000	       1.07663	             0	
63.321	       1.07663	             0	
63.643	             0	             0	
63.964	             0	             0	
64.286	             0	             0	
64.607	       1.93008	             0	
64.929	       1.93008	             0	
65.250	       3.44022	      0.113563	
65.571	       3.44022	      0.113563	
65.893	       1.38677	             0	
66.214	       1.38677	             0	
66.536	       2.65958	      0.101402	
66.857	       2.65958	      0.101402	
67.179	      0.938287	     0.0787624	
67.500	      0.938287	     0.0787624	
67.821	      0.938287	     0.0787624	
68.143	        1.8766	      0.991415	
68.464	        1.8766	      0.991415	
68.786	      0.133919	      0.408584	
69.107	      0.133919	      0.408584	
69.429	       1.93346	      0.348178	
69.750	       1.93346	      0.348178	
70.071	      0.938368	      0.279579	
70.393	      0.938368	      0.279579	
70.714	        3.3531	      0.695411	
71.036	        3.3531	      0.695411	
71.357	        3.3531	      0.695411	
71.679	       1.46098	       1.08385	
72.000	       1.46098	       1.08385	
72.321	       1.42415	      0.255822	
72.643	       1.42415	      0.255822	
72.964	       0.93843	      0.121897	
73.286	       0.93843	      0.121897	
73.607	       1.27587	      0.272516	
73.929	       1.27587	      0.272516	
74.250	       1.87689	        1.3707	
74.571	       1.87689	        1.3707	
74.893	       8.57208	      0.148292	
75.214	       8.57208	      0.148292	
75.536	       8.57208	      0.148292	
75.857	      0.609364	      0.260348	
76.179	      0.609364	      0.260348	
76.500	       5.58971	       1.14223	
76.821	       5.58971	       1.14223	
77.143	      0.715958	       1.56342	
77.464	      0.715958	       1.56342	
77.786	             0	      0.624271	
78.107	             0	      0.624271	
78.429	       3.36159	       49.9238	
78.750	       3.36159	       49.9238	
79.071	       3.36159	       49.9238	
79.393	       2.45057	       1.23118	
79.714	       2.45057	       1.23118	
80.036	      0.527657	      0.317635	
80.357	      0.527657	      0.317635	
80.679	             0	             0	
81.000	             0	             0	
81.321	      0.990577	     0.0534329	
81.643	      0.990577	     0.0534329	
81.964	       3.93379	             0	
82.286	       3.93379	             0	
82.607	       3.93379	             0	
82.929	       3.75395	             0	
83.250	       3.75395	             0	
83.571	      0.938488	             0	
83.893	      0.938488	             0	
84.214	             0	             0	
84.536	             0	             0	
84.857	       6.04209	             0	
85.179	       6.04209	             0	
85.500	       2.80147	             0	
85.821	       2.80147	             0	
86.143	       3.75396	             0	
86.464	       3.75396	             0	
86.786	       3.75396	             0	
87.107	       2.24453	             0	
87.429	       2.24453	             0	
87.750	      0.350484	             0	
88.071	      0.350484	             0	
88.393	       1.26516	             0	
88.714	       1.26516	             0	
89.036	     0.0895681	             0	
89.357	     0.0895681	             0	
89.679	       1.87698	             0	
90.000	       1.87698	             0	
90.321	       1.87698	             0	
90.643	       1.87698	             0	
90.964	       1.87698	             0	
91.286	       1.87698	             0	
91.607	       1.87698	             0	
91.929	      0.938489	             0	
92.250	      0.938489	             0	
92.571	      0.938489	             0	
92.893	      0.938489	             0	
93.214	      0.938489	             0	
93.536	      0.938489	             0	
93.857	      0.938489	             0	
94.179	       2.35064	             0	
94.500	       2.35064	             0	
94.821	       2.81547	             0	
95.143	       2.81547	             0	
95.464	       1.87698	             0	
95.786	       1.87698	             0	
96.107	       4.26334	             0	
96.429	       4.26334	             0	
96.750	             0	             0	
97.071	             0	             0	
97.393	       3.75369	             0	
97.714	       3.75369	             0	
98.036	       3.75369	             0	
98.357	       3.75394	             0	
98.679	       3.75394	             0	
99.000	       2.21869	             0	
99.321	       2.21869	             0	
99.643	       2.81545	             0	
99.964	       2.81545	             0	
100.286	             0	             0	
100.607	             0	             0	
100.929	       1.56795	             0	
101.250	       1.56795	             0	
101.571	       1.56795	             0	
101.893	       5.04533	             0	
102.214	       5.04533	             0	
102.536	        1.0605	             0	
102.857	        1.0605	             0	
103.179	       3.28142	             0	
103.500	       3.28142	             0	
103.821	       4.47243	             0	
104.143	       4.47243	             0	
104.464	             0	             0	
104.786	             0	             0	
105.107	             0	             0	
105.429	       9.03724	             0	
105.750	       9.03724	             0	
106.071	             0	             0	
106.393	             0	             0	
106.714	      0.529147	             0	
107.036	      0.529147	             0	
107.357	      0.811137	             0	
107.679	      0.811137	             0	
108.000	       2.25642	             0	
108.321	       2.25642	             0	
108.643	       1.49306	             0	
108.964	       1.49306	             0	
109.286	       1.49306	             0	
109.607	       7.85691	             0	
109.929	       7.85691	             0	
110.250	       1.33052	             0	
110.571	       1.33052	             0	
110.893	      0.566192	             0	
111.214	      0.566192	             0	
111.536	       1.72738	             0	
111.857	       1.72738	             0	
112.179	      0.846415	             0	
112.500	      0.846415	             0	
112.821	      0.846415	             0	
113.143	       1.72858	             0	
113.464	       1.72858	             0	
113.786	      0.678721	             0	
114.107	      0.678721	             0	
114.429	      0.262855	             0	
114.750	      0.262855	             0	
115.071	      0.916444	             0	
115.393	      0.916444	             0	
115.714	      0.682164	             0	
116.036	      0.682164	             0	
116.357	      0.682164	             0	
116.679	       1.22811	             0	
117.000	       1.22811	             0	
117.321	      0.236482	             0	
117.643	      0.236482	             0	
117.964	      0.109246	             0	
118.286	      0.109246	             0	
118.607	        0.3085	             0	
118.929	        0.3085	             0	
119.250	      0.244963	             0	
119.571	      0.244963	             0	
119.893	      0.165177	             0	
120.214	      0.165177	             0	
120.536	      0.165177	             0	
120.857	      0.155977	             0	
121.179	      0.155977	             0	
121.500	             0	             0	
121.821	             0	             0	
122.143	             0	             0	
122.464	             0	             0	
122.786	             0	             0	
123.107	             0	             0	
123.429	             0	             0	
123.750	             0	             0	
124.071	             0	             0	
124.393	             0	             0	
124.714	             0	             0	
125.036	             0	             0	
125.357	             0	             0	
125.679	             0	             0	
126.000	             0	             0	
126.321	             0	             0	
126.643	             0	             0	
126.964	             0	             0	
127.286	             0	             0	
127.607	             0	             0	
127.929	             0	             0	
128.250	             0	             0	
128.571	             0	             0	
128.893	             0	             0	
129.214	             0	             0	
129.536	             0	             0	
129.857	             0	             0	
130.179	             0	             0	
130.500	             0	             0	
130.821	             0	             0	
131.143	             0	             0	
131.464	             0	             0	
131.786	             0	             0	
132.107	             0	             0	
132.429	             0	             0	
132.750	             0	             0	
133.071	             0	             0	
133.393	             0	             0	
133.714	             0	             0	
134.036	             0	             0	
134.357	             0	             0	
134.679	             0	             0	
135.000	             0	             0	
135.321	             0	             0	
135.643	             0	             0	
135.964	             0	             0	
136.286	             0	             0	
136.607	             0	             0	
136.929	             0	             0	
137.250	             0	             0	
137.571	             0	             0	
137.893	             0	             0	
138.214	             0	             0	
138.536	             0	             0	
138.857	             0	             0	
139.179	             0	             0	
139.500	             0	             0	
139.821	             0	             0	
140.143	             0	             0	
140.464	             0	             0	
140.786	             0	             0	
141.107	             0	             0	
141.429	             0	             0	
141.750	             0	             0	
142.071	             0	             0	
142.393	             0	             0	
142.714	             0	             0	
143.036	             0	             0	
143.357	             0	             0	
143.679	             0	             0	
144.000	             0	             0	
144.321	             0	             0	
144.643	             0	             0	
144.964	             0	             0	
145.286	             0	             0	
145.607	             0	             0	
145.929	             0	             0	
146.250	             0	             0	
146.571	             0	             0	
146.893	             0	             0	
147.214	             0	             0	
147.536	             0	             0	
147.857	             0	             0	
148.179	             0	             0	
148.500	             0	             0	
148.821	             0	             0	
149.143	             0	             0	
149.464	             0	             0	
149.786	             0	             0	
150.107	             0	             0	
150.429	             0	             0	
150.750	             0	             0	
151.071	             0	             0	
151.393	             0	             0	
151.714	             0	             0	
152.036	             0	             0	
152.357	             0	             0	
152.679	             0	             0	
153.000	             0	             0	
153.321	             0	             0	
153.643	             0	             0	
153.964	             0	             0	
154.286	             0	             0	
154.607	             0	             0	
154.929	             0	             0	
155.250	             0	             0	
155.571	             0	             0	
155.893	             0	             0	
156.214	             0	             0	
156.536	             0	             0	
156.857	             0	             0	
157.179	             0	             0	
157.500	             0	             0	
157.821	             0	             0	
158.143	             0	             0	
158.464	             0	             0	
158.786	             0	             0	
159.107	             0	             0	
159.429	             0	             0	
159.750	             0	             0	
160.071	             0	             0	
160.393	             0	             0	
160.714	             0	             0	
161.036	             0	             0	
161.357	             0	             0	
161.679	             0	             0	
162.000	             0	             0	
162.321	             0	             0	
162.643	             0	             0	
162.964	             0	             0	
163.286	             0	             0	
163.607	             0	             0	
163.929	             0	             0	
164.250	             0	             0	
164.571	             0	             0	
164.893	             0	             0	
165.214	             0	             0	
165.536	             0	             0	
165.857	             0	             0	
166.179	             0	             0	
166.500	             0	             0	
166.821	             0	             0	
167.143	             0	             0	
167.464	             0	             0	
167.786	             0	             0	
168.107	             0	             0	
168.429	             0	             0	
168.750	             0	             0	
169.071	             0	             0	
169.393	             0	             0	
169.714	             0	             0	
170.036	             0	             0	
170.357	             0	             0	
170.679	             0	             0	
171.000	             0	             0	
171.321	             0	             0	
171.643	             0	             0	
171.964	             0	             0	
172.286	             0	             0	
172.607	             0	             0	
172.929	             0	             0	
173.250	             0	             0	
173.571	             0	             0	
173.893	             0	             0	
174.214	             0	             0	
174.536	             0	             0	
174.857	             0	             0	
175.179	             0	             0	
175.500	             0	             0	
175.821	             0	             0	
176.143	             0	             0	
176.464	             0	             0	
176.786	             0	             0	
177.107	             0	             0	
177.429	             0	             0	
177.750	             0	             0	
178.071	             0	             0	
178.393	             0	             0	
178.714	             0	             0	
179.036	             0	             0	
179.357	             0	             0	
179.679	             0	             0	
180.000	             0	             0	
