
TracePro Release: 3 2 0 
Polar Candela Distribution Data for 
Data covers +/- 180.000 degrees from Normal
Data for Missed Rays
Data generated at 08:14:13 September 07, 2025

	   0.0	 180.0
0.000	      0.312873	      0.312873	
0.321	      0.312873	      0.312873	
0.643	             0	      0.300563	
0.964	             0	      0.300563	
1.286	             0	      0.582096	
1.607	             0	      0.582096	
1.929	             0	             0	
2.250	             0	             0	
2.571	             0	             0	
2.893	             0	             0	
3.214	             0	             0	
3.536	             0	             0	
3.857	             0	             0	
4.179	             0	             0	
4.500	             0	             0	
4.821	             0	      0.959547	
5.143	             0	      0.959547	
5.464	             0	      0.233025	
5.786	             0	      0.233025	
6.107	             0	             0	
6.429	             0	             0	
6.750	             0	             0	
7.071	             0	             0	
7.393	             0	             0	
7.714	             0	             0	
8.036	             0	             0	
8.357	             0	             0	
8.679	             0	             0	
9.000	             0	      0.385493	
9.321	             0	      0.385493	
9.643	             0	      0.370626	
9.964	             0	      0.370626	
10.286	             0	             0	
10.607	             0	             0	
10.929	             0	      0.170894	
11.250	             0	      0.170894	
11.571	             0	      0.170894	
11.893	             0	      0.167679	
12.214	             0	      0.167679	
12.536	             0	      0.322007	
12.857	             0	      0.322007	
13.179	             0	             0	
13.500	             0	             0	
13.821	             0	             0	
14.143	             0	             0	
14.464	             0	             0	
14.786	             0	             0	
15.107	             0	             0	
15.429	             0	             0	
15.750	             0	             0	
16.071	             0	             0	
16.393	             0	             0	
16.714	             0	      0.129527	
17.036	             0	      0.129527	
17.357	             0	             0	
17.679	             0	             0	
18.000	      0.782568	      0.110318	
18.321	      0.782568	      0.110318	
18.643	             0	      0.460367	
18.964	             0	      0.460367	
19.286	             0	      0.460367	
19.607	             0	             0	
19.929	             0	             0	
20.250	             0	             0	
20.571	             0	             0	
20.893	             0	             0	
21.214	             0	             0	
21.536	             0	             0	
21.857	             0	             0	
22.179	       3.25307	     0.0976502	
22.500	       3.25307	     0.0976502	
22.821	       3.25307	     0.0976502	
23.143	       2.52191	             0	
23.464	       2.52191	             0	
23.786	             0	             0	
24.107	             0	             0	
24.429	             0	             0	
24.750	             0	             0	
25.071	       3.29088	      0.168084	
25.393	       3.29088	      0.168084	
25.714	       1.54946	      0.163724	
26.036	       1.54946	      0.163724	
26.357	       1.54946	      0.163724	
26.679	       3.40711	             0	
27.000	       3.40711	             0	
27.321	       1.52258	     0.0534241	
27.643	       1.52258	     0.0534241	
27.964	       1.78863	             0	
28.286	       1.78863	             0	
28.607	       1.79495	             0	
28.929	       1.79495	             0	
29.250	       2.53761	      0.137817	
29.571	       2.53761	      0.137817	
29.893	       4.71537	     0.0535744	
30.214	       4.71537	     0.0535744	
30.536	       4.71537	     0.0535744	
30.857	       1.83054	      0.308555	
31.179	       1.83054	      0.308555	
31.500	        2.7616	     0.0625005	
31.821	        2.7616	     0.0625005	
32.143	       12.4548	     0.0607251	
32.464	       12.4548	     0.0607251	
32.786	       2.25977	     0.0598434	
33.107	       2.25977	     0.0598434	
33.429	       3.72647	             0	
33.750	       3.72647	             0	
34.071	       3.72647	             0	
34.393	       2.49619	             0	
34.714	       2.49619	             0	
35.036	       3.42906	     0.0531994	
35.357	       3.42906	     0.0531994	
35.679	       10.6125	      0.103275	
36.000	       10.6125	      0.103275	
36.321	       3.40058	     0.0511588	
36.643	       3.40058	     0.0511588	
36.964	       7.18349	             0	
37.286	       7.18349	             0	
37.607	       7.18349	             0	
37.929	       4.85406	             0	
38.250	       4.85406	             0	
38.571	       4.76242	             0	
38.893	       4.76242	             0	
39.214	       9.54716	             0	
39.536	       9.54716	             0	
39.857	       2.86905	             0	
40.179	       2.86905	             0	
40.500	       5.74807	     0.0742014	
40.821	       5.74807	     0.0742014	
41.143	       9.59092	      0.291496	
41.464	       9.59092	      0.291496	
41.786	       9.59092	      0.291496	
42.107	       6.72488	             0	
42.429	       6.72488	             0	
42.750	       4.80936	             0	
43.071	       4.80936	             0	
43.393	       5.77604	             0	
43.714	       5.77604	             0	
44.036	       3.85461	             0	
44.357	       3.85461	             0	
44.679	       5.78645	             0	
45.000	       5.78645	             0	
45.321	       5.78645	             0	
45.643	       7.72031	             0	
45.964	       7.72031	             0	
46.286	       3.86228	             0	
46.607	       3.86228	             0	
46.929	       17.3912	             0	
47.250	       17.3912	             0	
47.571	       3.86682	             0	
47.893	       3.86682	             0	
48.214	       13.5397	             0	
48.536	       13.5397	             0	
48.857	       13.5397	             0	
49.179	       19.3503	             0	
49.500	       19.3503	             0	
49.821	       6.77475	             0	
50.143	       6.77475	             0	
50.464	       15.4903	             0	
50.786	       15.4903	             0	
51.107	       4.84174	             0	
51.429	       4.84174	             0	
51.750	       9.68588	             0	
52.071	       9.68588	             0	
52.393	       19.3773	             0	
52.714	       19.3773	             0	
53.036	       19.3773	             0	
53.357	       9.69037	             0	
53.679	       9.69037	             0	
54.000	       7.75361	             0	
54.321	       7.75361	             0	
54.643	       15.5097	             0	
54.964	       15.5097	             0	
55.286	       7.75583	             0	
55.607	       7.75583	             0	
55.929	       8.72698	             0	
56.250	       8.72698	             0	
56.571	       8.72698	             0	
56.893	       23.2745	             0	
57.214	       23.2745	             0	
57.536	       9.69872	             0	
57.857	       9.69872	             0	
58.179	       9.69972	             0	
58.500	       9.69972	             0	
58.821	       10.6706	             0	
59.143	       10.6706	             0	
59.464	       4.85053	             0	
59.786	       4.85053	             0	
60.107	       4.85053	             0	
60.429	       13.5818	             0	
60.750	       13.5818	             0	
61.071	       6.79083	             0	
61.393	       6.79083	             0	
61.714	       669.346	             0	
62.036	       669.346	             0	
62.357	             0	             0	
62.679	             0	             0	
63.000	             0	             0	
63.321	             0	             0	
63.643	             0	             0	
63.964	             0	             0	
64.286	             0	             0	
64.607	             0	             0	
64.929	             0	             0	
65.250	             0	             0	
65.571	             0	             0	
65.893	     0.0505912	             0	
66.214	     0.0505912	             0	
66.536	             0	             0	
66.857	             0	             0	
67.179	             0	             0	
67.500	             0	             0	
67.821	             0	             0	
68.143	             0	             0	
68.464	             0	             0	
68.786	             0	             0	
69.107	             0	             0	
69.429	      0.345283	             0	
69.750	      0.345283	             0	
70.071	             0	             0	
70.393	             0	             0	
70.714	             0	             0	
71.036	             0	             0	
71.357	             0	             0	
71.679	       0.71672	             0	
72.000	       0.71672	             0	
72.321	             0	             0	
72.643	             0	             0	
72.964	             0	             0	
73.286	             0	             0	
73.607	      0.376255	             0	
73.929	      0.376255	             0	
74.250	             0	             0	
74.571	             0	             0	
74.893	      0.800766	             0	
75.214	      0.800766	             0	
75.536	      0.800766	             0	
75.857	      0.352614	             0	
76.179	      0.352614	             0	
76.500	             0	             0	
76.821	             0	             0	
77.143	             0	             0	
77.464	             0	             0	
77.786	             0	             0	
78.107	             0	             0	
78.429	             0	             0	
78.750	             0	             0	
79.071	             0	             0	
79.393	             0	             0	
79.714	             0	             0	
80.036	             0	             0	
80.357	             0	             0	
80.679	             0	             0	
81.000	             0	             0	
81.321	             0	             0	
81.643	             0	             0	
81.964	             0	             0	
82.286	             0	             0	
82.607	             0	             0	
82.929	             0	             0	
83.250	             0	             0	
83.571	             0	             0	
83.893	             0	             0	
84.214	             0	             0	
84.536	             0	             0	
84.857	             0	             0	
85.179	             0	             0	
85.500	             0	             0	
85.821	             0	             0	
86.143	             0	             0	
86.464	             0	             0	
86.786	             0	             0	
87.107	             0	             0	
87.429	             0	             0	
87.750	             0	             0	
88.071	             0	             0	
88.393	             0	             0	
88.714	             0	             0	
89.036	             0	             0	
89.357	             0	             0	
89.679	             0	             0	
90.000	             0	             0	
90.321	             0	             0	
90.643	             0	             0	
90.964	             0	             0	
91.286	             0	             0	
91.607	             0	             0	
91.929	             0	             0	
92.250	             0	             0	
92.571	             0	             0	
92.893	             0	             0	
93.214	             0	             0	
93.536	             0	             0	
93.857	             0	             0	
94.179	             0	             0	
94.500	             0	             0	
94.821	             0	             0	
95.143	             0	             0	
95.464	             0	             0	
95.786	             0	             0	
96.107	             0	             0	
96.429	             0	             0	
96.750	             0	             0	
97.071	             0	             0	
97.393	             0	             0	
97.714	             0	             0	
98.036	             0	             0	
98.357	             0	             0	
98.679	             0	             0	
99.000	             0	             0	
99.321	             0	             0	
99.643	             0	             0	
99.964	             0	             0	
100.286	             0	             0	
100.607	             0	             0	
100.929	             0	             0	
101.250	             0	             0	
101.571	             0	             0	
101.893	             0	             0	
102.214	             0	             0	
102.536	             0	             0	
102.857	             0	             0	
103.179	             0	             0	
103.500	             0	             0	
103.821	             0	             0	
104.143	             0	             0	
104.464	             0	             0	
104.786	             0	             0	
105.107	             0	             0	
105.429	             0	             0	
105.750	             0	             0	
106.071	             0	             0	
106.393	             0	             0	
106.714	             0	             0	
107.036	             0	             0	
107.357	             0	             0	
107.679	             0	             0	
108.000	             0	             0	
108.321	             0	             0	
108.643	             0	             0	
108.964	             0	             0	
109.286	             0	             0	
109.607	             0	             0	
109.929	             0	             0	
110.250	             0	             0	
110.571	             0	             0	
110.893	             0	             0	
111.214	             0	             0	
111.536	             0	             0	
111.857	             0	             0	
112.179	             0	             0	
112.500	             0	             0	
112.821	             0	             0	
113.143	             0	             0	
113.464	             0	             0	
113.786	             0	             0	
114.107	             0	             0	
114.429	             0	             0	
114.750	             0	             0	
115.071	             0	             0	
115.393	             0	             0	
115.714	             0	             0	
116.036	             0	             0	
116.357	             0	             0	
116.679	             0	             0	
117.000	             0	             0	
117.321	             0	             0	
117.643	             0	             0	
117.964	             0	             0	
118.286	             0	             0	
118.607	             0	             0	
118.929	             0	             0	
119.250	             0	             0	
119.571	             0	             0	
119.893	             0	             0	
120.214	             0	             0	
120.536	             0	             0	
120.857	             0	             0	
121.179	             0	             0	
121.500	             0	             0	
121.821	             0	             0	
122.143	             0	             0	
122.464	             0	             0	
122.786	             0	             0	
123.107	             0	             0	
123.429	             0	             0	
123.750	             0	             0	
124.071	             0	             0	
124.393	             0	             0	
124.714	             0	             0	
125.036	             0	             0	
125.357	             0	             0	
125.679	             0	             0	
126.000	             0	             0	
126.321	             0	             0	
126.643	             0	             0	
126.964	             0	             0	
127.286	             0	             0	
127.607	             0	             0	
127.929	             0	             0	
128.250	             0	             0	
128.571	             0	             0	
128.893	             0	             0	
129.214	             0	             0	
129.536	             0	             0	
129.857	             0	             0	
130.179	             0	             0	
130.500	             0	             0	
130.821	             0	             0	
131.143	             0	             0	
131.464	             0	             0	
131.786	             0	             0	
132.107	             0	             0	
132.429	             0	             0	
132.750	             0	             0	
133.071	             0	             0	
133.393	             0	             0	
133.714	             0	             0	
134.036	             0	             0	
134.357	             0	             0	
134.679	             0	             0	
135.000	             0	             0	
135.321	             0	             0	
135.643	             0	             0	
135.964	             0	             0	
136.286	             0	             0	
136.607	             0	             0	
136.929	             0	             0	
137.250	             0	             0	
137.571	             0	             0	
137.893	             0	             0	
138.214	             0	             0	
138.536	             0	             0	
138.857	             0	             0	
139.179	             0	             0	
139.500	             0	             0	
139.821	             0	             0	
140.143	             0	             0	
140.464	             0	             0	
140.786	             0	             0	
141.107	             0	             0	
141.429	             0	             0	
141.750	             0	             0	
142.071	             0	             0	
142.393	             0	             0	
142.714	             0	             0	
143.036	             0	             0	
143.357	             0	             0	
143.679	             0	             0	
144.000	             0	             0	
144.321	             0	             0	
144.643	             0	             0	
144.964	             0	             0	
145.286	             0	             0	
145.607	             0	             0	
145.929	             0	             0	
146.250	             0	             0	
146.571	             0	             0	
146.893	             0	             0	
147.214	             0	             0	
147.536	             0	             0	
147.857	             0	             0	
148.179	             0	             0	
148.500	             0	             0	
148.821	             0	             0	
149.143	             0	             0	
149.464	             0	             0	
149.786	             0	             0	
150.107	             0	             0	
150.429	             0	             0	
150.750	             0	             0	
151.071	             0	             0	
151.393	             0	             0	
151.714	             0	             0	
152.036	             0	             0	
152.357	             0	             0	
152.679	             0	             0	
153.000	             0	             0	
153.321	             0	             0	
153.643	             0	             0	
153.964	             0	             0	
154.286	             0	             0	
154.607	             0	             0	
154.929	             0	             0	
155.250	             0	             0	
155.571	             0	             0	
155.893	             0	             0	
156.214	             0	             0	
156.536	             0	             0	
156.857	             0	             0	
157.179	             0	             0	
157.500	             0	             0	
157.821	             0	             0	
158.143	             0	             0	
158.464	             0	             0	
158.786	             0	             0	
159.107	             0	             0	
159.429	             0	             0	
159.750	             0	             0	
160.071	             0	             0	
160.393	             0	             0	
160.714	             0	             0	
161.036	             0	             0	
161.357	             0	             0	
161.679	             0	             0	
162.000	             0	             0	
162.321	             0	             0	
162.643	             0	             0	
162.964	             0	             0	
163.286	             0	             0	
163.607	             0	             0	
163.929	             0	             0	
164.250	             0	             0	
164.571	             0	             0	
164.893	             0	             0	
165.214	             0	             0	
165.536	             0	             0	
165.857	             0	             0	
166.179	             0	             0	
166.500	             0	             0	
166.821	             0	             0	
167.143	             0	             0	
167.464	             0	             0	
167.786	             0	             0	
168.107	             0	             0	
168.429	             0	             0	
168.750	             0	             0	
169.071	             0	             0	
169.393	             0	             0	
169.714	             0	             0	
170.036	             0	             0	
170.357	             0	             0	
170.679	             0	             0	
171.000	             0	             0	
171.321	             0	             0	
171.643	             0	             0	
171.964	             0	             0	
172.286	             0	             0	
172.607	             0	             0	
172.929	             0	             0	
173.250	             0	             0	
173.571	             0	             0	
173.893	             0	             0	
174.214	             0	             0	
174.536	             0	             0	
174.857	             0	             0	
175.179	             0	             0	
175.500	             0	             0	
175.821	             0	             0	
176.143	             0	             0	
176.464	             0	             0	
176.786	             0	             0	
177.107	             0	             0	
177.429	             0	             0	
177.750	             0	             0	
178.071	             0	             0	
178.393	             0	             0	
178.714	             0	             0	
179.036	             0	             0	
179.357	             0	             0	
179.679	             0	             0	
180.000	             0	             0	
