
TracePro Release: 3 2 0 
Polar Candela Distribution Data for 
Data covers +/- 180.000 degrees from Normal
Data for Missed Rays
Data generated at 07:44:40 September 07, 2025

	   0.0	 180.0
0.000	      0.791989	      0.791989	
0.321	      0.791989	      0.791989	
0.643	       1.88118	             0	
0.964	       1.88118	             0	
1.286	      0.145451	       1.15337	
1.607	      0.145451	       1.15337	
1.929	      0.225281	      0.570225	
2.250	      0.225281	      0.570225	
2.571	             0	       1.61389	
2.893	             0	       1.61389	
3.214	      0.210219	      0.950234	
3.536	      0.210219	      0.950234	
3.857	      0.210219	      0.950234	
4.179	      0.405184	             0	
4.500	      0.405184	             0	
4.821	       6.01837	       5.86788	
5.143	       6.01837	       5.86788	
5.464	       2.10598	             0	
5.786	       2.10598	             0	
6.107	       2.81745	       1.66828	
6.429	       2.81745	       1.66828	
6.750	       2.40961	       8.13694	
7.071	       2.40961	       8.13694	
7.393	       7.11228	       7.71732	
7.714	       7.11228	       7.71732	
8.036	       7.11228	       7.71732	
8.357	       1.93313	       1.78471	
8.679	       1.93313	       1.78471	
9.000	       8.05697	       11.7749	
9.321	       8.05697	       11.7749	
9.643	       2.05066	       2.74993	
9.964	       2.05066	       2.74993	
10.286	       1.88098	       2.24649	
10.607	       1.88098	       2.24649	
10.929	       1.57252	       1.42325	
11.250	       1.57252	       1.42325	
11.571	       1.57252	       1.42325	
11.893	       11.4503	       4.25818	
12.214	       11.4503	       4.25818	
12.536	        5.0133	       4.14347	
12.857	        5.0133	       4.14347	
13.179	       8.23942	       5.81186	
13.500	       8.23942	       5.81186	
13.821	       6.03937	        10.714	
14.143	       6.03937	        10.714	
14.464	       5.74323	       9.23557	
14.786	       5.74323	       9.23557	
15.107	       5.74323	       9.23557	
15.429	        4.1643	       11.4336	
15.750	        4.1643	       11.4336	
16.071	       7.38033	       4.25893	
16.393	       7.38033	       4.25893	
16.714	       16.9087	       9.15736	
17.036	       16.9087	       9.15736	
17.357	       3.79458	       12.5134	
17.679	       3.79458	       12.5134	
18.000	      0.916693	       12.1309	
18.321	      0.916693	       12.1309	
18.643	       8.35211	       3.88112	
18.964	       8.35211	       3.88112	
19.286	       8.35211	       3.88112	
19.607	       1.47896	       5.39442	
19.929	       1.47896	       5.39442	
20.250	       4.60836	        18.569	
20.571	       4.60836	        18.569	
20.893	       2.74669	       10.0346	
21.214	       2.74669	       10.0346	
21.536	        2.8656	       7.51582	
21.857	        2.8656	       7.51582	
22.179	       8.54331	       2.25411	
22.500	       8.54331	       2.25411	
22.821	       8.54331	       2.25411	
23.143	       4.56555	       7.39485	
23.464	       4.56555	       7.39485	
23.786	       4.08997	       4.98845	
24.107	       4.08997	       4.98845	
24.429	       1.15037	       4.56868	
24.750	       1.15037	       4.56868	
25.071	       8.39243	       4.10246	
25.393	       8.39243	       4.10246	
25.714	       2.56897	        3.6752	
26.036	       2.56897	        3.6752	
26.357	       2.56897	        3.6752	
26.679	       2.24898	       3.54973	
27.000	       2.24898	       3.54973	
27.321	       2.91385	      0.189773	
27.643	       2.91385	      0.189773	
27.964	       4.42096	       3.59135	
28.286	       4.42096	       3.59135	
28.607	       3.77938	      0.739639	
28.929	       3.77938	      0.739639	
29.250	       2.75523	      0.115956	
29.571	       2.75523	      0.115956	
29.893	       2.40726	      0.216436	
30.214	       2.40726	      0.216436	
30.536	       2.40726	      0.216436	
30.857	        4.6906	      0.560523	
31.179	        4.6906	      0.560523	
31.500	       1.91938	      0.100028	
31.821	       1.91938	      0.100028	
32.143	       5.56198	      0.830568	
32.464	       5.56198	      0.830568	
32.786	      0.673421	             0	
33.107	      0.673421	             0	
33.429	       6.91021	      0.359482	
33.750	       6.91021	      0.359482	
34.071	       6.91021	      0.359482	
34.393	       5.75082	      0.178215	
34.714	       5.75082	      0.178215	
35.036	       2.52521	     0.0842108	
35.357	       2.52521	     0.0842108	
35.679	       4.00685	       3.99434	
36.000	       4.00685	       3.99434	
36.321	       1.59812	       1.68053	
36.643	       1.59812	       1.68053	
36.964	             0	        3.0645	
37.286	             0	        3.0645	
37.607	             0	        3.0645	
37.929	       4.34645	      0.804511	
38.250	       4.34645	      0.804511	
38.571	       2.47395	      0.286985	
38.893	       2.47395	      0.286985	
39.214	       9.26948	      0.716873	
39.536	       9.26948	      0.716873	
39.857	        2.9115	      0.774906	
40.179	        2.9115	      0.774906	
40.500	             0	       0.31338	
40.821	             0	       0.31338	
41.143	       2.94254	      0.831324	
41.464	       2.94254	      0.831324	
41.786	       2.94254	      0.831324	
42.107	       3.00804	      0.288164	
42.429	       3.00804	      0.288164	
42.750	       2.35785	      0.783204	
43.071	       2.35785	      0.783204	
43.393	        5.0022	      0.696981	
43.714	        5.0022	      0.696981	
44.036	      0.961497	      0.821309	
44.357	      0.961497	      0.821309	
44.679	       8.60625	       1.61276	
45.000	       8.60625	       1.61276	
45.321	       8.60625	       1.61276	
45.643	       2.50871	      0.105838	
45.964	       2.50871	      0.105838	
46.286	       4.55564	      0.102167	
46.607	       4.55564	      0.102167	
46.929	       7.27784	             0	
47.250	       7.27784	             0	
47.571	       5.04734	             0	
47.893	       5.04734	             0	
48.214	       14.5506	             0	
48.536	       14.5506	             0	
48.857	       14.5506	             0	
49.179	       53.8688	             0	
49.500	       53.8688	             0	
49.821	       23.8751	      0.292179	
50.143	       23.8751	      0.292179	
50.464	       43.7578	      0.269093	
50.786	       43.7578	      0.269093	
51.107	       16.5272	      0.128674	
51.429	       16.5272	      0.128674	
51.750	       21.3633	      0.105651	
52.071	       21.3633	      0.105651	
52.393	       39.5786	             0	
52.714	       39.5786	             0	
53.036	       39.5786	             0	
53.357	       15.2711	             0	
53.679	       15.2711	             0	
54.000	       6.22698	             0	
54.321	       6.22698	             0	
54.643	        31.624	             0	
54.964	        31.624	             0	
55.286	       8.50117	             0	
55.607	       8.50117	             0	
55.929	        1.1374	     0.0962693	
56.250	        1.1374	     0.0962693	
56.571	        1.1374	     0.0962693	
56.893	       2.06405	             0	
57.214	       2.06405	             0	
57.536	      0.502973	      0.126669	
57.857	      0.502973	      0.126669	
58.179	      0.419843	             0	
58.500	      0.419843	             0	
58.821	      0.865096	             0	
59.143	      0.865096	             0	
59.464	       1.10211	      0.070745	
59.786	       1.10211	      0.070745	
60.107	       1.10211	      0.070745	
60.429	      0.207502	             0	
60.750	      0.207502	             0	
61.071	      0.243925	             0	
61.393	      0.243925	             0	
61.714	             0	             0	
62.036	             0	             0	
62.357	             0	             0	
62.679	             0	             0	
63.000	     0.0564229	             0	
63.321	     0.0564229	             0	
63.643	        1.6111	             0	
63.964	        1.6111	             0	
64.286	        1.6111	             0	
64.607	       0.50316	             0	
64.929	       0.50316	             0	
65.250	      0.293068	             0	
65.571	      0.293068	             0	
65.893	             0	             0	
66.214	             0	             0	
66.536	             0	             0	
66.857	             0	             0	
67.179	      0.611902	             0	
67.500	      0.611902	             0	
67.821	      0.611902	             0	
68.143	             0	             0	
68.464	             0	             0	
68.786	       1.41813	             0	
69.107	       1.41813	             0	
69.429	      0.695632	             0	
69.750	      0.695632	             0	
70.071	       2.53971	             0	
70.393	       2.53971	             0	
70.714	      0.738263	             0	
71.036	      0.738263	             0	
71.357	      0.738263	             0	
71.679	       2.09315	             0	
72.000	       2.09315	             0	
72.321	       1.56786	             0	
72.643	       1.56786	             0	
72.964	       1.66428	             0	
73.286	       1.66428	             0	
73.607	      0.817325	             0	
73.929	      0.817325	             0	
74.250	       2.13681	             0	
74.571	       2.13681	             0	
74.893	       1.68529	             0	
75.214	       1.68529	             0	
75.536	       1.68529	             0	
75.857	       3.56582	             0	
76.179	       3.56582	             0	
76.500	       2.69901	             0	
76.821	       2.69901	             0	
77.143	       2.68185	             0	
77.464	       2.68185	             0	
77.786	       1.83103	             0	
78.107	       1.83103	             0	
78.429	       4.47414	             0	
78.750	       4.47414	             0	
79.071	       4.47414	             0	
79.393	       3.42135	      0.125867	
79.714	       3.42135	      0.125867	
80.036	       1.87407	             0	
80.357	       1.87407	             0	
80.679	       3.66327	             0	
81.000	       3.66327	             0	
81.321	       1.95859	             0	
81.643	       1.95859	             0	
81.964	       3.71486	             0	
82.286	       3.71486	             0	
82.607	       3.71486	             0	
82.929	       9.32976	             0	
83.250	       9.32976	             0	
83.571	       5.62653	             0	
83.893	       5.62653	             0	
84.214	        2.8257	             0	
84.536	        2.8257	             0	
84.857	       5.67642	             0	
85.179	       5.67642	             0	
85.500	       4.75049	             0	
85.821	       4.75049	             0	
86.143	       18.2966	             0	
86.464	       18.2966	             0	
86.786	       18.2966	             0	
87.107	       3.11057	             0	
87.429	       3.11057	             0	
87.750	       6.52278	             0	
88.071	       6.52278	             0	
88.393	       8.94478	             0	
88.714	       8.94478	             0	
89.036	       11.2798	             0	
89.357	       11.2798	             0	
89.679	       9.70026	             0	
90.000	       9.70026	             0	
90.321	       9.70026	             0	
90.643	       23.1556	             0	
90.964	       23.1556	             0	
91.286	       11.7937	             0	
91.607	       11.7937	             0	
91.929	       10.2368	             0	
92.250	       10.2368	             0	
92.571	       9.27308	             0	
92.893	       9.27308	             0	
93.214	       7.08279	             0	
93.536	       7.08279	             0	
93.857	       7.08279	             0	
94.179	       12.0939	             0	
94.500	       12.0939	             0	
94.821	       5.18525	             0	
95.143	       5.18525	             0	
95.464	       73.4551	             0	
95.786	       73.4551	             0	
96.107	       4.34315	             0	
96.429	       4.34315	             0	
96.750	       3.79234	             0	
97.071	       3.79234	             0	
97.393	       4.34116	             0	
97.714	       4.34116	             0	
98.036	       4.34116	             0	
98.357	       6.94952	             0	
98.679	       6.94952	             0	
99.000	       2.11081	             0	
99.321	       2.11081	             0	
99.643	       1.76609	             0	
99.964	       1.76609	             0	
100.286	       2.08659	             0	
100.607	       2.08659	             0	
100.929	        1.3539	             0	
101.250	        1.3539	             0	
101.571	        1.3539	             0	
101.893	       3.37676	             0	
102.214	       3.37676	             0	
102.536	       1.10076	             0	
102.857	       1.10076	             0	
103.179	      0.752956	             0	
103.500	      0.752956	             0	
103.821	      0.252043	             0	
104.143	      0.252043	             0	
104.464	             0	             0	
104.786	             0	             0	
105.107	             0	             0	
105.429	      0.562605	             0	
105.750	      0.562605	             0	
106.071	             0	             0	
106.393	             0	             0	
106.714	             0	             0	
107.036	             0	             0	
107.357	      0.222034	             0	
107.679	      0.222034	             0	
108.000	             0	             0	
108.321	             0	             0	
108.643	             0	             0	
108.964	             0	             0	
109.286	             0	             0	
109.607	      0.218636	             0	
109.929	      0.218636	             0	
110.250	     0.0725119	             0	
110.571	     0.0725119	             0	
110.893	             0	             0	
111.214	             0	             0	
111.536	             0	             0	
111.857	             0	             0	
112.179	             0	             0	
112.500	             0	             0	
112.821	             0	             0	
113.143	             0	             0	
113.464	             0	             0	
113.786	             0	             0	
114.107	             0	             0	
114.429	             0	             0	
114.750	             0	             0	
115.071	             0	             0	
115.393	             0	             0	
115.714	     0.0604759	             0	
116.036	     0.0604759	             0	
116.357	     0.0604759	             0	
116.679	             0	             0	
117.000	             0	             0	
117.321	             0	             0	
117.643	             0	             0	
117.964	             0	             0	
118.286	             0	             0	
118.607	             0	             0	
118.929	             0	             0	
119.250	             0	             0	
119.571	             0	             0	
119.893	             0	             0	
120.214	             0	             0	
120.536	             0	             0	
120.857	             0	             0	
121.179	             0	             0	
121.500	             0	             0	
121.821	             0	             0	
122.143	             0	             0	
122.464	             0	             0	
122.786	             0	             0	
123.107	             0	             0	
123.429	             0	             0	
123.750	             0	             0	
124.071	             0	             0	
124.393	             0	             0	
124.714	             0	             0	
125.036	             0	             0	
125.357	             0	             0	
125.679	             0	             0	
126.000	             0	             0	
126.321	             0	             0	
126.643	             0	             0	
126.964	             0	             0	
127.286	             0	             0	
127.607	             0	             0	
127.929	             0	             0	
128.250	             0	             0	
128.571	             0	             0	
128.893	             0	             0	
129.214	             0	             0	
129.536	             0	             0	
129.857	             0	             0	
130.179	             0	             0	
130.500	             0	             0	
130.821	             0	             0	
131.143	             0	             0	
131.464	             0	             0	
131.786	             0	             0	
132.107	             0	             0	
132.429	             0	             0	
132.750	             0	             0	
133.071	             0	             0	
133.393	             0	             0	
133.714	             0	             0	
134.036	             0	             0	
134.357	             0	             0	
134.679	             0	             0	
135.000	             0	             0	
135.321	             0	             0	
135.643	             0	             0	
135.964	             0	             0	
136.286	             0	             0	
136.607	             0	             0	
136.929	             0	             0	
137.250	             0	             0	
137.571	             0	             0	
137.893	             0	             0	
138.214	             0	             0	
138.536	             0	             0	
138.857	             0	             0	
139.179	             0	             0	
139.500	             0	             0	
139.821	             0	             0	
140.143	             0	             0	
140.464	             0	             0	
140.786	             0	             0	
141.107	             0	             0	
141.429	             0	             0	
141.750	             0	             0	
142.071	             0	             0	
142.393	             0	             0	
142.714	             0	             0	
143.036	             0	             0	
143.357	     0.0997329	             0	
143.679	     0.0997329	             0	
144.000	             0	             0	
144.321	             0	             0	
144.643	             0	             0	
144.964	             0	             0	
145.286	             0	             0	
145.607	             0	             0	
145.929	             0	             0	
146.250	             0	             0	
146.571	             0	             0	
146.893	      0.152676	             0	
147.214	      0.152676	             0	
147.536	             0	             0	
147.857	             0	             0	
148.179	             0	             0	
148.500	             0	             0	
148.821	             0	             0	
149.143	             0	             0	
149.464	             0	             0	
149.786	             0	             0	
150.107	             0	             0	
150.429	             0	             0	
150.750	             0	             0	
151.071	             0	             0	
151.393	             0	             0	
151.714	             0	             0	
152.036	             0	             0	
152.357	             0	             0	
152.679	             0	             0	
153.000	             0	             0	
153.321	             0	             0	
153.643	             0	             0	
153.964	             0	             0	
154.286	             0	             0	
154.607	             0	             0	
154.929	             0	             0	
155.250	             0	             0	
155.571	             0	             0	
155.893	             0	             0	
156.214	             0	             0	
156.536	             0	             0	
156.857	             0	             0	
157.179	             0	             0	
157.500	             0	             0	
157.821	             0	             0	
158.143	             0	             0	
158.464	             0	             0	
158.786	             0	             0	
159.107	             0	             0	
159.429	             0	             0	
159.750	             0	             0	
160.071	             0	             0	
160.393	             0	             0	
160.714	             0	             0	
161.036	             0	             0	
161.357	             0	             0	
161.679	             0	             0	
162.000	             0	             0	
162.321	             0	             0	
162.643	             0	             0	
162.964	             0	             0	
163.286	             0	             0	
163.607	             0	             0	
163.929	             0	             0	
164.250	             0	             0	
164.571	             0	             0	
164.893	             0	             0	
165.214	             0	             0	
165.536	             0	             0	
165.857	             0	             0	
166.179	             0	             0	
166.500	             0	             0	
166.821	             0	             0	
167.143	             0	             0	
167.464	             0	             0	
167.786	             0	             0	
168.107	             0	             0	
168.429	             0	             0	
168.750	             0	             0	
169.071	             0	             0	
169.393	             0	             0	
169.714	             0	             0	
170.036	             0	             0	
170.357	             0	             0	
170.679	             0	             0	
171.000	             0	             0	
171.321	             0	             0	
171.643	             0	             0	
171.964	             0	             0	
172.286	             0	             0	
172.607	             0	             0	
172.929	             0	             0	
173.250	             0	             0	
173.571	             0	             0	
173.893	             0	             0	
174.214	             0	             0	
174.536	             0	             0	
174.857	             0	             0	
175.179	             0	             0	
175.500	             0	             0	
175.821	             0	             0	
176.143	             0	             0	
176.464	             0	             0	
176.786	             0	             0	
177.107	             0	             0	
177.429	             0	             0	
177.750	             0	             0	
178.071	             0	             0	
178.393	             0	             0	
178.714	             0	             0	
179.036	             0	             0	
179.357	             0	             0	
179.679	             0	             0	
180.000	             0	             0	
