
TracePro Release: 3 2 0 
Polar Candela Distribution Data for 
Data covers +/- 180.000 degrees from Normal
Data for Missed Rays
Data generated at 07:44:38 September 07, 2025

	   0.0	 180.0
0.000	     0.0655812	     0.0655812	
0.321	     0.0655812	     0.0655812	
0.643	             0	      0.887903	
0.964	             0	      0.887903	
1.286	      0.241268	       1.78207	
1.607	      0.241268	       1.78207	
1.929	             0	       1.79173	
2.250	             0	       1.79173	
2.571	      0.763366	       1.00374	
2.893	      0.763366	       1.00374	
3.214	       1.71061	             0	
3.536	       1.71061	             0	
3.857	       1.71061	             0	
4.179	       1.69848	       2.75697	
4.500	       1.69848	       2.75697	
4.821	        3.5233	       5.70843	
5.143	        3.5233	       5.70843	
5.464	             0	      0.915118	
5.786	             0	      0.915118	
6.107	             0	      0.162299	
6.429	             0	      0.162299	
6.750	       2.88463	      0.916999	
7.071	       2.88463	      0.916999	
7.393	       2.10366	       13.0801	
7.714	       2.10366	       13.0801	
8.036	       2.10366	       13.0801	
8.357	       1.07344	       1.85027	
8.679	       1.07344	       1.85027	
9.000	       4.92123	       3.85163	
9.321	       4.92123	       3.85163	
9.643	       2.17418	       2.85807	
9.964	       2.17418	       2.85807	
10.286	       1.69101	       4.53321	
10.607	       1.69101	       4.53321	
10.929	       4.09102	       1.77489	
11.250	       4.09102	       1.77489	
11.571	       4.09102	       1.77489	
11.893	       5.15394	       1.70901	
12.214	       5.15394	       1.70901	
12.536	       3.39469	       6.97722	
12.857	       3.39469	       6.97722	
13.179	       4.54039	       2.84562	
13.500	       4.54039	       2.84562	
13.821	       0.17541	       9.44769	
14.143	       0.17541	       9.44769	
14.464	      0.524153	       5.49945	
14.786	      0.524153	       5.49945	
15.107	      0.524153	       5.49945	
15.429	      0.872847	       8.99944	
15.750	      0.872847	       8.99944	
16.071	      0.821777	       8.13435	
16.393	      0.821777	       8.13435	
16.714	       1.34343	       8.72857	
17.036	       1.34343	       8.72857	
17.357	             0	       3.79286	
17.679	             0	       3.79286	
18.000	       1.87525	       5.48263	
18.321	       1.87525	       5.48263	
18.643	      0.886854	       4.64165	
18.964	      0.886854	       4.64165	
19.286	      0.886854	       4.64165	
19.607	       4.92371	       13.8598	
19.929	       4.92371	       13.8598	
20.250	             0	        293.95	
20.571	             0	        293.95	
20.893	             0	       3.57006	
21.214	             0	       3.57006	
21.536	       1.40316	       1.70689	
21.857	       1.40316	       1.70689	
22.179	       4.79702	      0.883653	
22.500	       4.79702	      0.883653	
22.821	       4.79702	      0.883653	
23.143	       3.07816	       3.16944	
23.464	       3.07816	       3.16944	
23.786	             0	       2.49812	
24.107	             0	       2.49812	
24.429	             0	        3.3203	
24.750	             0	        3.3203	
25.071	       1.83488	       3.47883	
25.393	       1.83488	       3.47883	
25.714	             0	       11.4377	
26.036	             0	       11.4377	
26.357	             0	       11.4377	
26.679	             0	        3.2947	
27.000	             0	        3.2947	
27.321	       1.50012	         7.403	
27.643	       1.50012	         7.403	
27.964	      0.733567	       13.4449	
28.286	      0.733567	       13.4449	
28.607	      0.740437	       5.87849	
28.929	      0.740437	       5.87849	
29.250	             0	       4.89489	
29.571	             0	       4.89489	
29.893	      0.124085	        3.9362	
30.214	      0.124085	        3.9362	
30.536	      0.124085	        3.9362	
30.857	       1.08884	       2.06544	
31.179	       1.08884	       2.06544	
31.500	       0.78298	        2.5345	
31.821	       0.78298	        2.5345	
32.143	       4.61432	             0	
32.464	       4.61432	             0	
32.786	      0.602428	        52.391	
33.107	      0.602428	        52.391	
33.429	             0	       1.67084	
33.750	             0	       1.67084	
34.071	             0	       1.67084	
34.393	             0	       1.42204	
34.714	             0	       1.42204	
35.036	             0	             0	
35.357	             0	             0	
35.679	      0.601703	             0	
36.000	      0.601703	             0	
36.321	       1.37269	      0.805822	
36.643	       1.37269	      0.805822	
36.964	      0.168595	       1.66656	
37.286	      0.168595	       1.66656	
37.607	      0.168595	       1.66656	
37.929	      0.171647	     0.0720561	
38.250	      0.171647	     0.0720561	
38.571	      0.816639	             0	
38.893	      0.816639	             0	
39.214	             0	             0	
39.536	             0	             0	
39.857	       1.03469	     0.0609911	
40.179	       1.03469	     0.0609911	
40.500	        1.6841	             0	
40.821	        1.6841	             0	
41.143	       1.89718	      0.281057	
41.464	       1.89718	      0.281057	
41.786	       1.89718	      0.281057	
42.107	         3.855	      0.472084	
42.429	         3.855	      0.472084	
42.750	     0.0625098	      0.173682	
43.071	     0.0625098	      0.173682	
43.393	       5.78415	             0	
43.714	       5.78415	             0	
44.036	        4.7902	             0	
44.357	        4.7902	             0	
44.679	       5.63803	             0	
45.000	       5.63803	             0	
45.321	       5.63803	             0	
45.643	      0.935274	      0.576671	
45.964	      0.935274	      0.576671	
46.286	       2.00863	             0	
46.607	       2.00863	             0	
46.929	       5.65167	      0.434859	
47.250	       5.65167	      0.434859	
47.571	         0.505	     0.0528641	
47.893	         0.505	     0.0528641	
48.214	       0.96653	             0	
48.536	       0.96653	             0	
48.857	       0.96653	             0	
49.179	       3.73694	             0	
49.500	       3.73694	             0	
49.821	       4.70127	             0	
50.143	       4.70127	             0	
50.464	        13.331	             0	
50.786	        13.331	             0	
51.107	       7.48804	             0	
51.429	       7.48804	             0	
51.750	       4.71714	             0	
52.071	       4.71714	             0	
52.393	       6.68389	             0	
52.714	       6.68389	             0	
53.036	       6.68389	             0	
53.357	        2.8142	      0.301952	
53.679	        2.8142	      0.301952	
54.000	       3.76203	             0	
54.321	       3.76203	             0	
54.643	       9.20419	             0	
54.964	       9.20419	             0	
55.286	       3.73989	             0	
55.607	       3.73989	             0	
55.929	       7.53871	             0	
56.250	       7.53871	             0	
56.571	       7.53871	             0	
56.893	       9.68558	     0.0636677	
57.214	       9.68558	     0.0636677	
57.536	       3.28684	             0	
57.857	       3.28684	             0	
58.179	       2.90823	             0	
58.500	       2.90823	             0	
58.821	       6.78703	      0.448713	
59.143	       6.78703	      0.448713	
59.464	       8.72895	             0	
59.786	       8.72895	             0	
60.107	       8.72895	             0	
60.429	       19.0157	             0	
60.750	       19.0157	             0	
61.071	       6.69155	             0	
61.393	       6.69155	             0	
61.714	       1.94064	             0	
62.036	       1.94064	             0	
62.357	       11.2393	             0	
62.679	       11.2393	             0	
63.000	       8.73365	             0	
63.321	       8.73365	             0	
63.643	       21.3523	             0	
63.964	       21.3523	             0	
64.286	       21.3523	             0	
64.607	       10.6767	      0.168315	
64.929	       10.6767	      0.168315	
65.250	       7.33112	             0	
65.571	       7.33112	             0	
65.893	       7.08867	             0	
66.214	       7.08867	             0	
66.536	       8.73573	             0	
66.857	       8.73573	             0	
67.179	       4.34488	             0	
67.500	       4.34488	             0	
67.821	       4.34488	             0	
68.143	       14.9095	        0.2798	
68.464	       14.9095	        0.2798	
68.786	       11.7566	             0	
69.107	       11.7566	             0	
69.429	         5.928	        0.2593	
69.750	         5.928	        0.2593	
70.071	       12.6494	             0	
70.393	       12.6494	             0	
70.714	       2.91237	             0	
71.036	       2.91237	             0	
71.357	       2.91237	             0	
71.679	       11.6492	             0	
72.000	       11.6492	             0	
72.321	       2.91212	             0	
72.643	       2.91212	             0	
72.964	       8.73503	             0	
73.286	       8.73503	             0	
73.607	       6.08676	             0	
73.929	       6.08676	             0	
74.250	       252.243	      0.200175	
74.571	       252.243	      0.200175	
74.893	       1.65622	             0	
75.214	       1.65622	             0	
75.536	       1.65622	             0	
75.857	             0	             0	
76.179	             0	             0	
76.500	             0	             0	
76.821	             0	             0	
77.143	             0	             0	
77.464	             0	             0	
77.786	      0.140687	             0	
78.107	      0.140687	             0	
78.429	             0	             0	
78.750	             0	             0	
79.071	             0	             0	
79.393	             0	             0	
79.714	             0	             0	
80.036	     0.0972589	             0	
80.357	     0.0972589	             0	
80.679	             0	             0	
81.000	             0	             0	
81.321	             0	             0	
81.643	             0	             0	
81.964	     0.0914957	      0.139253	
82.286	     0.0914957	      0.139253	
82.607	     0.0914957	      0.139253	
82.929	             0	      0.066001	
83.250	             0	      0.066001	
83.571	             0	             0	
83.893	             0	             0	
84.214	             0	     0.0637622	
84.536	             0	     0.0637622	
84.857	             0	             0	
85.179	             0	             0	
85.500	             0	     0.0583126	
85.821	             0	     0.0583126	
86.143	       1.31607	      0.114489	
86.464	       1.31607	      0.114489	
86.786	       1.31607	      0.114489	
87.107	             0	             0	
87.429	             0	             0	
87.750	             0	     0.0540774	
88.071	             0	     0.0540774	
88.393	             0	      0.103644	
88.714	             0	      0.103644	
89.036	       0.79633	      0.101306	
89.357	       0.79633	      0.101306	
89.679	             0	             0	
90.000	             0	             0	
90.321	             0	             0	
90.643	       1.59348	             0	
90.964	       1.59348	             0	
91.286	       1.24496	             0	
91.607	       1.24496	             0	
91.929	        4.9385	             0	
92.250	        4.9385	             0	
92.571	      0.840473	             0	
92.893	      0.840473	             0	
93.214	       1.25518	             0	
93.536	       1.25518	             0	
93.857	       1.25518	             0	
94.179	       1.69629	             0	
94.500	       1.69629	             0	
94.821	      0.523691	             0	
95.143	      0.523691	             0	
95.464	      0.145218	             0	
95.786	      0.145218	             0	
96.107	      0.370362	             0	
96.429	      0.370362	             0	
96.750	             0	             0	
97.071	             0	             0	
97.393	             0	             0	
97.714	             0	             0	
98.036	             0	             0	
98.357	      0.753531	             0	
98.679	      0.753531	             0	
99.000	      0.155588	             0	
99.321	      0.155588	             0	
99.643	     0.0777687	             0	
99.964	     0.0777687	             0	
100.286	      0.075676	             0	
100.607	      0.075676	             0	
100.929	       0.38698	             0	
101.250	       0.38698	             0	
101.571	       0.38698	             0	
101.893	      0.461007	             0	
102.214	      0.461007	             0	
102.536	      0.317003	             0	
102.857	      0.317003	             0	
103.179	             0	             0	
103.500	             0	             0	
103.821	             0	             0	
104.143	             0	             0	
104.464	             0	             0	
104.786	             0	             0	
105.107	             0	             0	
105.429	             0	             0	
105.750	             0	             0	
106.071	             0	             0	
106.393	             0	             0	
106.714	             0	             0	
107.036	             0	             0	
107.357	             0	             0	
107.679	             0	             0	
108.000	             0	             0	
108.321	             0	             0	
108.643	             0	             0	
108.964	             0	             0	
109.286	             0	             0	
109.607	             0	             0	
109.929	             0	             0	
110.250	             0	             0	
110.571	             0	             0	
110.893	             0	             0	
111.214	             0	             0	
111.536	             0	             0	
111.857	             0	             0	
112.179	             0	             0	
112.500	             0	             0	
112.821	             0	             0	
113.143	             0	             0	
113.464	             0	             0	
113.786	             0	             0	
114.107	             0	             0	
114.429	             0	             0	
114.750	             0	             0	
115.071	             0	             0	
115.393	             0	             0	
115.714	             0	             0	
116.036	             0	             0	
116.357	             0	             0	
116.679	             0	             0	
117.000	             0	             0	
117.321	             0	             0	
117.643	             0	             0	
117.964	             0	             0	
118.286	             0	             0	
118.607	             0	             0	
118.929	             0	             0	
119.250	             0	             0	
119.571	             0	             0	
119.893	             0	             0	
120.214	             0	             0	
120.536	             0	             0	
120.857	             0	             0	
121.179	             0	             0	
121.500	             0	             0	
121.821	             0	             0	
122.143	             0	             0	
122.464	             0	             0	
122.786	             0	             0	
123.107	             0	             0	
123.429	             0	             0	
123.750	             0	             0	
124.071	             0	             0	
124.393	             0	             0	
124.714	             0	             0	
125.036	             0	             0	
125.357	             0	             0	
125.679	             0	             0	
126.000	             0	             0	
126.321	             0	             0	
126.643	             0	             0	
126.964	             0	             0	
127.286	             0	             0	
127.607	             0	             0	
127.929	             0	             0	
128.250	             0	             0	
128.571	             0	             0	
128.893	             0	             0	
129.214	             0	             0	
129.536	             0	             0	
129.857	             0	             0	
130.179	             0	             0	
130.500	             0	             0	
130.821	             0	             0	
131.143	             0	             0	
131.464	             0	             0	
131.786	             0	             0	
132.107	             0	             0	
132.429	             0	             0	
132.750	             0	             0	
133.071	             0	             0	
133.393	             0	             0	
133.714	             0	             0	
134.036	             0	             0	
134.357	             0	             0	
134.679	             0	             0	
135.000	             0	             0	
135.321	             0	             0	
135.643	             0	             0	
135.964	             0	             0	
136.286	             0	             0	
136.607	             0	             0	
136.929	             0	             0	
137.250	             0	             0	
137.571	             0	             0	
137.893	             0	             0	
138.214	             0	             0	
138.536	             0	             0	
138.857	             0	             0	
139.179	             0	             0	
139.500	             0	             0	
139.821	             0	             0	
140.143	             0	             0	
140.464	             0	             0	
140.786	             0	             0	
141.107	             0	             0	
141.429	             0	             0	
141.750	             0	             0	
142.071	             0	             0	
142.393	             0	             0	
142.714	             0	             0	
143.036	             0	             0	
143.357	             0	             0	
143.679	             0	             0	
144.000	             0	             0	
144.321	             0	             0	
144.643	             0	             0	
144.964	             0	             0	
145.286	             0	             0	
145.607	             0	             0	
145.929	             0	             0	
146.250	             0	             0	
146.571	             0	             0	
146.893	             0	             0	
147.214	             0	             0	
147.536	             0	             0	
147.857	             0	             0	
148.179	             0	             0	
148.500	             0	             0	
148.821	             0	             0	
149.143	             0	             0	
149.464	             0	             0	
149.786	             0	             0	
150.107	             0	             0	
150.429	             0	             0	
150.750	             0	             0	
151.071	             0	             0	
151.393	             0	             0	
151.714	             0	             0	
152.036	             0	             0	
152.357	             0	             0	
152.679	             0	             0	
153.000	             0	             0	
153.321	             0	             0	
153.643	             0	             0	
153.964	             0	             0	
154.286	             0	             0	
154.607	             0	             0	
154.929	             0	             0	
155.250	             0	             0	
155.571	             0	             0	
155.893	             0	             0	
156.214	             0	             0	
156.536	             0	             0	
156.857	             0	             0	
157.179	             0	             0	
157.500	             0	             0	
157.821	             0	             0	
158.143	             0	             0	
158.464	             0	             0	
158.786	             0	             0	
159.107	             0	             0	
159.429	             0	             0	
159.750	             0	             0	
160.071	             0	             0	
160.393	             0	             0	
160.714	             0	             0	
161.036	             0	             0	
161.357	             0	             0	
161.679	             0	             0	
162.000	             0	             0	
162.321	             0	             0	
162.643	             0	             0	
162.964	             0	             0	
163.286	             0	             0	
163.607	             0	             0	
163.929	             0	             0	
164.250	             0	             0	
164.571	             0	             0	
164.893	             0	             0	
165.214	             0	             0	
165.536	             0	             0	
165.857	             0	             0	
166.179	             0	             0	
166.500	             0	             0	
166.821	             0	             0	
167.143	             0	             0	
167.464	             0	             0	
167.786	             0	             0	
168.107	             0	             0	
168.429	             0	             0	
168.750	             0	             0	
169.071	             0	             0	
169.393	             0	             0	
169.714	             0	             0	
170.036	             0	             0	
170.357	             0	             0	
170.679	             0	             0	
171.000	             0	             0	
171.321	             0	             0	
171.643	             0	             0	
171.964	             0	             0	
172.286	             0	             0	
172.607	             0	             0	
172.929	             0	             0	
173.250	             0	             0	
173.571	             0	             0	
173.893	             0	             0	
174.214	             0	             0	
174.536	             0	             0	
174.857	             0	             0	
175.179	             0	             0	
175.500	             0	             0	
175.821	             0	             0	
176.143	             0	             0	
176.464	             0	             0	
176.786	             0	             0	
177.107	             0	             0	
177.429	             0	             0	
177.750	             0	             0	
178.071	             0	             0	
178.393	             0	             0	
178.714	             0	             0	
179.036	             0	             0	
179.357	             0	             0	
179.679	             0	             0	
180.000	             0	             0	
