
TracePro Release: 3 2 0 
Polar Candela Distribution Data for 
Data covers +/- 180.000 degrees from Normal
Data for Missed Rays
Data generated at 12:42:43 September 07, 2025

	   0.0	 180.0
0.000	             0	             0	
0.321	             0	             0	
0.643	             0	             0	
0.964	             0	             0	
1.286	             0	             0	
1.607	             0	             0	
1.929	             0	             0	
2.250	             0	             0	
2.571	             0	      0.357295	
2.893	             0	      0.357295	
3.214	             0	             0	
3.536	             0	             0	
3.857	             0	             0	
4.179	             0	             0	
4.500	             0	             0	
4.821	             0	      0.572574	
5.143	             0	      0.572574	
5.464	             0	      0.269939	
5.786	             0	      0.269939	
6.107	             0	       0.26638	
6.429	             0	       0.26638	
6.750	             0	      0.744729	
7.071	             0	      0.744729	
7.393	             0	             0	
7.714	             0	             0	
8.036	             0	             0	
8.357	             0	             0	
8.679	             0	             0	
9.000	             0	             0	
9.321	             0	             0	
9.643	             0	      0.108636	
9.964	             0	      0.108636	
10.286	             0	      0.107917	
10.607	             0	      0.107917	
10.929	             0	             0	
11.250	             0	             0	
11.571	             0	             0	
11.893	             0	             0	
12.214	             0	             0	
12.536	             0	             0	
12.857	             0	             0	
13.179	             0	             0	
13.500	             0	             0	
13.821	             0	      0.180393	
14.143	             0	      0.180393	
14.464	             0	             0	
14.786	             0	             0	
15.107	             0	             0	
15.429	             0	             0	
15.750	             0	             0	
16.071	             0	             0	
16.393	             0	             0	
16.714	             0	      0.079034	
17.036	             0	      0.079034	
17.357	      0.602709	     0.0764977	
17.679	      0.602709	     0.0764977	
18.000	             0	             0	
18.321	             0	             0	
18.643	             0	             0	
18.964	             0	             0	
19.286	             0	             0	
19.607	             0	     0.0678426	
19.929	             0	     0.0678426	
20.250	             0	             0	
20.571	             0	             0	
20.893	             0	             0	
21.214	             0	             0	
21.536	             0	             0	
21.857	             0	             0	
22.179	             0	             0	
22.500	             0	             0	
22.821	             0	             0	
23.143	             0	             0	
23.464	             0	             0	
23.786	             0	             0	
24.107	             0	             0	
24.429	             0	             0	
24.750	             0	             0	
25.071	       397.793	     0.0534004	
25.393	       397.793	     0.0534004	
25.714	       7.88775	             0	
26.036	       7.88775	             0	
26.357	       7.88775	             0	
26.679	       6.32363	             0	
27.000	       6.32363	             0	
27.321	        13.467	             0	
27.643	        13.467	             0	
27.964	       14.3119	      0.728223	
28.286	       14.3119	      0.728223	
28.607	       13.5374	             0	
28.929	       13.5374	             0	
29.250	       13.5558	             0	
29.571	       13.5558	             0	
29.893	       38.4082	             0	
30.214	       38.4082	             0	
30.536	       38.4082	             0	
30.857	       15.2611	             0	
31.179	       15.2611	             0	
31.500	       14.5548	             0	
31.821	       14.5548	             0	
32.143	       32.4085	             0	
32.464	       32.4085	             0	
32.786	       15.3452	             0	
33.107	       15.3452	             0	
33.429	       32.3685	             0	
33.750	       32.3685	             0	
34.071	       32.3685	             0	
34.393	       13.7639	             0	
34.714	       13.7639	             0	
35.036	       21.1224	             0	
35.357	       21.1224	             0	
35.679	       39.0318	             0	
36.000	       39.0318	             0	
36.321	       19.6332	             0	
36.643	       19.6332	             0	
36.964	       13.9235	             0	
37.286	       13.9235	             0	
37.607	       13.9235	             0	
37.929	        36.076	             0	
38.250	        36.076	             0	
38.571	       15.5939	             0	
38.893	       15.5939	             0	
39.214	       41.0705	             0	
39.536	       41.0705	             0	
39.857	       19.6117	             0	
40.179	       19.6117	             0	
40.500	       19.6924	             0	
40.821	       19.6924	             0	
41.143	       44.2066	             0	
41.464	       44.2066	             0	
41.786	       44.2066	             0	
42.107	       14.8327	             0	
42.429	       14.8327	             0	
42.750	       13.8789	             0	
43.071	       13.8789	             0	
43.393	       42.6135	             0	
43.714	       42.6135	             0	
44.036	       9.90487	             0	
44.357	       9.90487	             0	
44.679	       19.8181	             0	
45.000	       19.8181	             0	
45.321	       19.8181	             0	
45.643	       9.91198	             0	
45.964	       9.91198	             0	
46.286	       15.8494	             0	
46.607	       15.8494	             0	
46.929	       27.3844	             0	
47.250	       27.3844	             0	
47.571	        17.174	             0	
47.893	        17.174	             0	
48.214	       8.26463	             0	
48.536	       8.26463	             0	
48.857	       8.26463	             0	
49.179	       1.26171	             0	
49.500	       1.26171	             0	
49.821	      0.617076	       27.2245	
50.143	      0.617076	       27.2245	
50.464	       1.22964	      0.510033	
50.786	       1.22964	      0.510033	
51.107	      0.601704	             0	
51.429	      0.601704	             0	
51.750	             0	             0	
52.071	             0	             0	
52.393	             0	             0	
52.714	             0	             0	
53.036	             0	             0	
53.357	             0	             0	
53.679	             0	             0	
54.000	             0	             0	
54.321	             0	             0	
54.643	       1.12051	             0	
54.964	       1.12051	             0	
55.286	      0.551051	             0	
55.607	      0.551051	             0	
55.929	      0.535888	             0	
56.250	      0.535888	             0	
56.571	      0.535888	             0	
56.893	       1.06483	             0	
57.214	       1.06483	             0	
57.536	      0.513609	             0	
57.857	      0.513609	             0	
58.179	      0.504612	             0	
58.500	      0.504612	             0	
58.821	             0	             0	
59.143	             0	             0	
59.464	      0.486964	             0	
59.786	      0.486964	             0	
60.107	      0.486964	             0	
60.429	             0	             0	
60.750	             0	             0	
61.071	      0.457752	             0	
61.393	      0.457752	             0	
61.714	             0	             0	
62.036	             0	             0	
62.357	             0	             0	
62.679	             0	             0	
63.000	             0	             0	
63.321	             0	             0	
63.643	             0	             0	
63.964	             0	             0	
64.286	             0	             0	
64.607	             0	             0	
64.929	             0	             0	
65.250	             0	             0	
65.571	             0	             0	
65.893	             0	             0	
66.214	             0	             0	
66.536	             0	             0	
66.857	             0	             0	
67.179	      0.928602	             0	
67.500	      0.928602	             0	
67.821	      0.928602	             0	
68.143	      0.662891	             0	
68.464	      0.662891	             0	
68.786	             0	             0	
69.107	             0	             0	
69.429	      0.309593	             0	
69.750	      0.309593	             0	
70.071	             0	             0	
70.393	             0	             0	
70.714	      0.426812	             0	
71.036	      0.426812	             0	
71.357	      0.426812	             0	
71.679	             0	             0	
72.000	             0	             0	
72.321	      0.503144	             0	
72.643	      0.503144	             0	
72.964	      0.542548	             0	
73.286	      0.542548	             0	
73.607	             0	             0	
73.929	             0	             0	
74.250	      0.614889	             0	
74.571	      0.614889	             0	
74.893	             0	             0	
75.214	             0	             0	
75.536	             0	             0	
75.857	             0	             0	
76.179	             0	             0	
76.500	             0	             0	
76.821	             0	             0	
77.143	             0	             0	
77.464	             0	             0	
77.786	      0.345888	             0	
78.107	      0.345888	             0	
78.429	      0.166683	             0	
78.750	      0.166683	             0	
79.071	      0.166683	             0	
79.393	       0.30127	             0	
79.714	       0.30127	             0	
80.036	             0	             0	
80.357	             0	             0	
80.679	             0	             0	
81.000	             0	             0	
81.321	             0	             0	
81.643	             0	             0	
81.964	             0	             0	
82.286	             0	             0	
82.607	             0	             0	
82.929	       8.47282	             0	
83.250	       8.47282	             0	
83.571	       1.71327	             0	
83.893	       1.71327	             0	
84.214	             0	             0	
84.536	             0	             0	
84.857	       1.75303	             0	
85.179	       1.75303	             0	
85.500	             0	             0	
85.821	             0	             0	
86.143	       1.78873	             0	
86.464	       1.78873	             0	
86.786	       1.78873	             0	
87.107	       1.81328	             0	
87.429	       1.81328	             0	
87.750	      0.916437	             0	
88.071	      0.916437	             0	
88.393	             0	             0	
88.714	             0	             0	
89.036	             0	             0	
89.357	             0	             0	
89.679	      0.930697	             0	
90.000	      0.930697	             0	
90.321	      0.930697	             0	
90.643	       1.87148	             0	
90.964	       1.87148	             0	
91.286	             0	             0	
91.607	             0	             0	
91.929	      0.943426	             0	
92.250	      0.943426	             0	
92.571	      0.948585	             0	
92.893	      0.948585	             0	
93.214	      0.951135	             0	
93.536	      0.951135	             0	
93.857	      0.951135	             0	
94.179	       1.90893	             0	
94.500	       1.90893	             0	
94.821	      0.957435	             0	
95.143	      0.957435	             0	
95.464	       5.75697	             0	
95.786	       5.75697	             0	
96.107	       3.84507	             0	
96.429	       3.84507	             0	
96.750	       2.88855	             0	
97.071	       2.88855	             0	
97.393	       3.85585	             0	
97.714	       3.85585	             0	
98.036	       3.85585	             0	
98.357	        3.8624	             0	
98.679	        3.8624	             0	
99.000	       2.89994	             0	
99.321	       2.89994	             0	
99.643	       2.90327	             0	
99.964	       2.90327	             0	
100.286	       4.84073	             0	
100.607	       4.84073	             0	
100.929	       5.81331	             0	
101.250	       5.81331	             0	
101.571	       5.81331	             0	
101.893	       7.75438	             0	
102.214	       7.75438	             0	
102.536	       5.81834	             0	
102.857	       5.81834	             0	
103.179	       5.82092	             0	
103.500	       5.82092	             0	
103.821	       2.91122	             0	
104.143	       2.91122	             0	
104.464	       6.79362	             0	
104.786	       6.79362	             0	
105.107	       6.79362	             0	
105.429	        3.8826	             0	
105.750	        3.8826	             0	
106.071	       4.85374	             0	
106.393	       4.85374	             0	
106.714	       3.88324	             0	
107.036	       3.88324	             0	
107.357	       3.88334	             0	
107.679	       3.88334	             0	
108.000	       4.85427	             0	
108.321	       4.85427	             0	
108.643	       6.79597	             0	
108.964	       6.79597	             0	
109.286	       6.79597	             0	
109.607	       11.5968	             0	
109.929	       11.5968	             0	
110.250	       5.42843	             0	
110.571	       5.42843	             0	
110.893	       2.61731	             0	
111.214	       2.61731	             0	
111.536	       1.31201	             0	
111.857	       1.31201	             0	
112.179	       1.28028	             0	
112.500	       1.28028	             0	
112.821	       1.28028	             0	
113.143	       2.08736	             0	
113.464	       2.08736	             0	
113.786	      0.734626	             0	
114.107	      0.734626	             0	
114.429	       108.537	             0	
114.750	       108.537	             0	
115.071	             0	             0	
115.393	             0	             0	
115.714	             0	             0	
116.036	             0	             0	
116.357	             0	             0	
116.679	             0	             0	
117.000	             0	             0	
117.321	             0	             0	
117.643	             0	             0	
117.964	             0	             0	
118.286	             0	             0	
118.607	             0	             0	
118.929	             0	             0	
119.250	             0	             0	
119.571	             0	             0	
119.893	             0	             0	
120.214	             0	             0	
120.536	             0	             0	
120.857	             0	             0	
121.179	             0	             0	
121.500	             0	             0	
121.821	             0	             0	
122.143	             0	             0	
122.464	             0	             0	
122.786	             0	             0	
123.107	             0	             0	
123.429	             0	             0	
123.750	             0	             0	
124.071	             0	             0	
124.393	             0	             0	
124.714	             0	             0	
125.036	             0	             0	
125.357	             0	             0	
125.679	             0	             0	
126.000	             0	             0	
126.321	             0	             0	
126.643	             0	             0	
126.964	             0	             0	
127.286	             0	             0	
127.607	             0	             0	
127.929	             0	             0	
128.250	             0	             0	
128.571	             0	             0	
128.893	             0	             0	
129.214	             0	             0	
129.536	             0	             0	
129.857	             0	             0	
130.179	             0	             0	
130.500	             0	             0	
130.821	             0	             0	
131.143	             0	             0	
131.464	             0	             0	
131.786	             0	             0	
132.107	             0	             0	
132.429	             0	             0	
132.750	             0	             0	
133.071	             0	             0	
133.393	             0	             0	
133.714	             0	             0	
134.036	             0	             0	
134.357	             0	             0	
134.679	             0	             0	
135.000	             0	             0	
135.321	             0	             0	
135.643	             0	             0	
135.964	             0	             0	
136.286	             0	             0	
136.607	             0	             0	
136.929	             0	             0	
137.250	             0	             0	
137.571	             0	             0	
137.893	             0	             0	
138.214	             0	             0	
138.536	             0	             0	
138.857	             0	             0	
139.179	             0	             0	
139.500	             0	             0	
139.821	             0	             0	
140.143	             0	             0	
140.464	             0	             0	
140.786	             0	             0	
141.107	             0	             0	
141.429	             0	             0	
141.750	             0	             0	
142.071	             0	             0	
142.393	             0	             0	
142.714	             0	             0	
143.036	             0	             0	
143.357	             0	             0	
143.679	             0	             0	
144.000	             0	             0	
144.321	             0	             0	
144.643	             0	             0	
144.964	             0	             0	
145.286	             0	             0	
145.607	             0	             0	
145.929	             0	             0	
146.250	             0	             0	
146.571	             0	             0	
146.893	             0	             0	
147.214	             0	             0	
147.536	             0	             0	
147.857	             0	             0	
148.179	             0	             0	
148.500	             0	             0	
148.821	             0	             0	
149.143	             0	             0	
149.464	             0	             0	
149.786	             0	             0	
150.107	             0	             0	
150.429	             0	             0	
150.750	             0	             0	
151.071	             0	             0	
151.393	             0	             0	
151.714	             0	             0	
152.036	             0	             0	
152.357	             0	             0	
152.679	             0	             0	
153.000	             0	             0	
153.321	             0	             0	
153.643	             0	             0	
153.964	             0	             0	
154.286	             0	             0	
154.607	             0	             0	
154.929	             0	             0	
155.250	             0	             0	
155.571	             0	             0	
155.893	             0	             0	
156.214	             0	             0	
156.536	             0	             0	
156.857	             0	             0	
157.179	             0	             0	
157.500	             0	             0	
157.821	             0	             0	
158.143	             0	             0	
158.464	             0	             0	
158.786	             0	             0	
159.107	             0	             0	
159.429	             0	             0	
159.750	             0	             0	
160.071	             0	             0	
160.393	             0	             0	
160.714	             0	             0	
161.036	             0	             0	
161.357	             0	             0	
161.679	             0	             0	
162.000	             0	             0	
162.321	             0	             0	
162.643	             0	             0	
162.964	             0	             0	
163.286	             0	             0	
163.607	             0	             0	
163.929	             0	             0	
164.250	             0	             0	
164.571	             0	             0	
164.893	             0	             0	
165.214	             0	             0	
165.536	             0	             0	
165.857	             0	             0	
166.179	             0	             0	
166.500	             0	             0	
166.821	             0	             0	
167.143	             0	             0	
167.464	             0	             0	
167.786	             0	             0	
168.107	             0	             0	
168.429	             0	             0	
168.750	             0	             0	
169.071	             0	             0	
169.393	             0	             0	
169.714	             0	             0	
170.036	             0	             0	
170.357	             0	             0	
170.679	             0	             0	
171.000	             0	             0	
171.321	             0	             0	
171.643	             0	             0	
171.964	             0	             0	
172.286	             0	             0	
172.607	             0	             0	
172.929	             0	             0	
173.250	             0	             0	
173.571	             0	             0	
173.893	             0	             0	
174.214	             0	             0	
174.536	             0	             0	
174.857	             0	             0	
175.179	             0	             0	
175.500	             0	             0	
175.821	             0	             0	
176.143	             0	             0	
176.464	             0	             0	
176.786	             0	             0	
177.107	             0	             0	
177.429	             0	             0	
177.750	             0	             0	
178.071	             0	             0	
178.393	             0	             0	
178.714	             0	             0	
179.036	             0	             0	
179.357	             0	             0	
179.679	             0	             0	
180.000	             0	             0	
