
TracePro Release: 3 2 0 
Polar Candela Distribution Data for 
Data covers +/- 180.000 degrees from Normal
Data for Missed Rays
Data generated at 03:22:23 September 02, 2025

	   0.0	 180.0
0.000	             0	             0	
0.321	             0	             0	
0.643	       1.16476	       1.10699	
0.964	       1.16476	       1.10699	
1.286	             0	        1.3815	
1.607	             0	        1.3815	
1.929	      0.859855	             0	
2.250	      0.859855	             0	
2.571	       2.39242	      0.160156	
2.893	       2.39242	      0.160156	
3.214	       5.25938	       2.14214	
3.536	       5.25938	       2.14214	
3.857	       5.25938	       2.14214	
4.179	      0.977459	             0	
4.500	      0.977459	             0	
4.821	             0	       4.45035	
5.143	             0	       4.45035	
5.464	         1.868	       8.01391	
5.786	         1.868	       8.01391	
6.107	             0	      0.402328	
6.429	             0	      0.402328	
6.750	      0.536851	             0	
7.071	      0.536851	             0	
7.393	       1.17259	       2.39326	
7.714	       1.17259	       2.39326	
8.036	       1.17259	       2.39326	
8.357	      0.625944	      0.236165	
8.679	      0.625944	      0.236165	
9.000	       6.41211	      0.224057	
9.321	       6.41211	      0.224057	
9.643	       1.32191	       10.3187	
9.964	       1.32191	       10.3187	
10.286	       6.83771	        8.7965	
10.607	       6.83771	        8.7965	
10.929	             0	             0	
11.250	             0	             0	
11.571	             0	             0	
11.893	       2.92601	      0.246331	
12.214	       2.92601	      0.246331	
12.536	      0.584474	             0	
12.857	      0.584474	             0	
13.179	       4.61244	             0	
13.500	       4.61244	             0	
13.821	       1.55155	             0	
14.143	       1.55155	             0	
14.464	       3.97661	      0.495109	
14.786	       3.97661	      0.495109	
15.107	       3.97661	      0.495109	
15.429	             0	       2.73129	
15.750	             0	       2.73129	
16.071	       4.92164	             0	
16.393	       4.92164	             0	
16.714	       6.07171	       1.39497	
17.036	       6.07171	       1.39497	
17.357	       5.04438	             0	
17.679	       5.04438	             0	
18.000	             0	     0.0720233	
18.321	             0	     0.0720233	
18.643	       4.29081	             0	
18.964	       4.29081	             0	
19.286	       4.29081	             0	
19.607	       6.15787	      0.735879	
19.929	       6.15787	      0.735879	
20.250	       2.61101	       4.23561	
20.571	       2.61101	       4.23561	
20.893	      0.880201	     0.0650256	
21.214	      0.880201	     0.0650256	
21.536	       5.30435	       2.60525	
21.857	       5.30435	       2.60525	
22.179	       3.56456	       105.357	
22.500	       3.56456	       105.357	
22.821	       3.56456	       105.357	
23.143	       2.67943	        15.744	
23.464	       2.67943	        15.744	
23.786	       1.79254	        8.5741	
24.107	       1.79254	        8.5741	
24.429	       4.90661	       15.9693	
24.750	       4.90661	       15.9693	
25.071	       5.42225	       2.50419	
25.393	       5.42225	       2.50419	
25.714	      0.906345	       0.80763	
26.036	      0.906345	       0.80763	
26.357	      0.906345	       0.80763	
26.679	       0.57994	       1.56942	
27.000	       0.57994	       1.56942	
27.321	        1.8176	       1.46263	
27.643	        1.8176	       1.46263	
27.964	       3.63786	             0	
28.286	       3.63786	             0	
28.607	       2.73008	       9.44668	
28.929	       2.73008	       9.44668	
29.250	        3.9327	       15.5316	
29.571	        3.9327	       15.5316	
29.893	       3.63805	       12.6188	
30.214	       3.63805	       12.6188	
30.536	       3.63805	       12.6188	
30.857	      0.908568	       5.82382	
31.179	      0.908568	       5.82382	
31.500	      0.907344	      0.915642	
31.821	      0.907344	      0.915642	
32.143	       1.80861	             0	
32.464	       1.80861	             0	
32.786	       1.80491	             0	
33.107	       1.80491	             0	
33.429	       5.97351	             0	
33.750	       5.97351	             0	
34.071	       5.97351	             0	
34.393	       2.69135	       4.29202	
34.714	       2.69135	       4.29202	
35.036	             0	       4.13334	
35.357	             0	       4.13334	
35.679	       2.34313	       2.27135	
36.000	       2.34313	       2.27135	
36.321	      0.280638	       2.19479	
36.643	      0.280638	       2.19479	
36.964	             0	       2.18178	
37.286	             0	       2.18178	
37.607	             0	       2.18178	
37.929	       1.74939	       1.52958	
38.250	       1.74939	       1.52958	
38.571	       2.58878	             0	
38.893	       2.58878	             0	
39.214	       3.42867	             0	
39.536	       3.42867	             0	
39.857	      0.845769	             0	
40.179	      0.845769	             0	
40.500	       0.13143	      0.331467	
40.821	       0.13143	      0.331467	
41.143	             0	      0.389158	
41.464	             0	      0.389158	
41.786	             0	      0.389158	
42.107	      0.818669	       1.58471	
42.429	      0.818669	       1.58471	
42.750	      0.808902	      0.346957	
43.071	      0.808902	      0.346957	
43.393	       4.76623	      0.783284	
43.714	       4.76623	      0.783284	
44.036	      0.786844	      0.274724	
44.357	      0.786844	      0.274724	
44.679	       1.53651	             0	
45.000	       1.53651	             0	
45.321	       1.53651	             0	
45.643	       1.49418	       0.50284	
45.964	       1.49418	       0.50284	
46.286	             0	             0	
46.607	             0	             0	
46.929	       4.31222	             0	
47.250	       4.31222	             0	
47.571	       1.55981	             0	
47.893	       1.55981	             0	
48.214	             0	             0	
48.536	             0	             0	
48.857	             0	             0	
49.179	       1.32627	      0.310788	
49.500	       1.32627	      0.310788	
49.821	      0.641237	             0	
50.143	      0.641237	             0	
50.464	       2.81078	             0	
50.786	       2.81078	             0	
51.107	      0.576305	      0.188159	
51.429	      0.576305	      0.188159	
51.750	             0	      0.267335	
52.071	             0	      0.267335	
52.393	             0	      0.341811	
52.714	             0	      0.341811	
53.036	             0	      0.341811	
53.357	       0.65306	      0.165258	
53.679	       0.65306	      0.165258	
54.000	       1.24414	      0.164012	
54.321	       1.24414	      0.164012	
54.643	       3.75772	             0	
54.964	       3.75772	             0	
55.286	       2.92873	             0	
55.607	       2.92873	             0	
55.929	       2.96359	      0.144465	
56.250	       2.96359	      0.144465	
56.571	       2.96359	      0.144465	
56.893	       3.32696	      0.139208	
57.214	       3.32696	      0.139208	
57.536	       2.05537	      0.263002	
57.857	       2.05537	      0.263002	
58.179	       1.68883	             0	
58.500	       1.68883	             0	
58.821	        3.3319	      0.253094	
59.143	        3.3319	      0.253094	
59.464	       4.65454	             0	
59.786	       4.65454	             0	
60.107	       4.65454	             0	
60.429	       7.58796	      0.233794	
60.750	       7.58796	      0.233794	
61.071	        2.9772	       0.11237	
61.393	        2.9772	       0.11237	
61.714	       3.62993	             0	
62.036	       3.62993	             0	
62.357	        5.8224	      0.208732	
62.679	        5.8224	      0.208732	
63.000	       5.06295	     0.0616051	
63.321	       5.06295	     0.0616051	
63.643	       21.0321	     0.0523379	
63.964	       21.0321	     0.0523379	
64.286	       21.0321	     0.0523379	
64.607	       15.3282	     0.0943863	
64.929	       15.3282	     0.0943863	
65.250	       21.6091	      0.183406	
65.571	       21.6091	      0.183406	
65.893	        15.821	     0.0874672	
66.214	        15.821	     0.0874672	
66.536	       26.0635	             0	
66.857	       26.0635	             0	
67.179	       7.74945	             0	
67.500	       7.74945	             0	
67.821	       7.74945	             0	
68.143	       24.6407	      0.533776	
68.464	       24.6407	      0.533776	
68.786	       7.88687	      0.234837	
69.107	       7.88687	      0.234837	
69.429	       14.1411	      0.149647	
69.750	       14.1411	      0.149647	
70.071	       10.3815	     0.0715489	
70.393	       10.3815	     0.0715489	
70.714	       343.471	     0.0687802	
71.036	       343.471	     0.0687802	
71.357	       343.471	     0.0687802	
71.679	       16.4965	       0.26941	
72.000	       16.4965	       0.26941	
72.321	       1.66084	      0.283625	
72.643	       1.66084	      0.283625	
72.964	       2.80209	             0	
73.286	       2.80209	             0	
73.607	       5.55001	      0.117669	
73.929	       5.55001	      0.117669	
74.250	       5.57523	             0	
74.571	       5.57523	             0	
74.893	       8.60352	      0.168718	
75.214	       8.60352	      0.168718	
75.536	       8.60352	      0.168718	
75.857	       1.32632	             0	
76.179	       1.32632	             0	
76.500	      0.488574	     0.0546669	
76.821	      0.488574	     0.0546669	
77.143	      0.317471	      0.104589	
77.464	      0.317471	      0.104589	
77.786	      0.227958	     0.0506419	
78.107	      0.227958	     0.0506419	
78.429	      0.377836	             0	
78.750	      0.377836	             0	
79.071	      0.377836	             0	
79.393	       1.39831	             0	
79.714	       1.39831	             0	
80.036	      0.955281	             0	
80.357	      0.955281	             0	
80.679	       0.13937	             0	
81.000	       0.13937	             0	
81.321	        0.2546	     0.0576789	
81.643	        0.2546	     0.0576789	
81.964	      0.114977	             0	
82.286	      0.114977	             0	
82.607	      0.114977	             0	
82.929	      0.420234	             0	
83.250	      0.420234	             0	
83.571	             0	             0	
83.893	             0	             0	
84.214	             0	             0	
84.536	             0	             0	
84.857	             0	             0	
85.179	             0	             0	
85.500	             0	             0	
85.821	             0	             0	
86.143	             0	             0	
86.464	             0	             0	
86.786	             0	             0	
87.107	             0	             0	
87.429	             0	             0	
87.750	             0	             0	
88.071	             0	             0	
88.393	             0	             0	
88.714	             0	             0	
89.036	             0	             0	
89.357	             0	             0	
89.679	             0	             0	
90.000	             0	             0	
90.321	             0	             0	
90.643	             0	             0	
90.964	             0	             0	
91.286	             0	             0	
91.607	             0	             0	
91.929	             0	             0	
92.250	             0	             0	
92.571	             0	             0	
92.893	             0	             0	
93.214	             0	             0	
93.536	             0	             0	
93.857	             0	             0	
94.179	             0	             0	
94.500	             0	             0	
94.821	             0	             0	
95.143	             0	             0	
95.464	             0	             0	
95.786	             0	             0	
96.107	             0	             0	
96.429	             0	             0	
96.750	             0	             0	
97.071	             0	             0	
97.393	             0	             0	
97.714	             0	             0	
98.036	             0	             0	
98.357	             0	             0	
98.679	             0	             0	
99.000	             0	             0	
99.321	             0	             0	
99.643	             0	             0	
99.964	             0	             0	
100.286	             0	             0	
100.607	             0	             0	
100.929	             0	             0	
101.250	             0	             0	
101.571	             0	             0	
101.893	             0	             0	
102.214	             0	             0	
102.536	             0	             0	
102.857	             0	             0	
103.179	             0	             0	
103.500	             0	             0	
103.821	             0	             0	
104.143	             0	             0	
104.464	      0.131039	             0	
104.786	      0.131039	             0	
105.107	      0.131039	             0	
105.429	             0	             0	
105.750	             0	             0	
106.071	             0	             0	
106.393	             0	             0	
106.714	             0	             0	
107.036	             0	             0	
107.357	       1.06109	             0	
107.679	       1.06109	             0	
108.000	             0	             0	
108.321	             0	             0	
108.643	       1.69907	             0	
108.964	       1.69907	             0	
109.286	       1.69907	             0	
109.607	       1.15141	             0	
109.929	       1.15141	             0	
110.250	             0	             0	
110.571	             0	             0	
110.893	             0	             0	
111.214	             0	             0	
111.536	             0	             0	
111.857	             0	             0	
112.179	             0	             0	
112.500	             0	             0	
112.821	             0	             0	
113.143	             0	             0	
113.464	             0	             0	
113.786	       0.51371	             0	
114.107	       0.51371	             0	
114.429	             0	             0	
114.750	             0	             0	
115.071	             0	             0	
115.393	             0	             0	
115.714	     0.0774085	             0	
116.036	     0.0774085	             0	
116.357	     0.0774085	             0	
116.679	             0	             0	
117.000	             0	             0	
117.321	             0	             0	
117.643	             0	             0	
117.964	             0	             0	
118.286	             0	             0	
118.607	             0	             0	
118.929	             0	             0	
119.250	             0	             0	
119.571	             0	             0	
119.893	             0	             0	
120.214	             0	             0	
120.536	             0	             0	
120.857	             0	             0	
121.179	             0	             0	
121.500	             0	             0	
121.821	             0	             0	
122.143	             0	             0	
122.464	             0	             0	
122.786	             0	             0	
123.107	             0	             0	
123.429	             0	             0	
123.750	             0	             0	
124.071	             0	             0	
124.393	             0	             0	
124.714	             0	             0	
125.036	             0	             0	
125.357	             0	             0	
125.679	             0	             0	
126.000	             0	             0	
126.321	             0	             0	
126.643	             0	             0	
126.964	             0	             0	
127.286	             0	             0	
127.607	             0	             0	
127.929	             0	             0	
128.250	             0	             0	
128.571	             0	             0	
128.893	             0	             0	
129.214	             0	             0	
129.536	             0	             0	
129.857	             0	             0	
130.179	             0	             0	
130.500	             0	             0	
130.821	             0	             0	
131.143	             0	             0	
131.464	             0	             0	
131.786	             0	             0	
132.107	             0	             0	
132.429	             0	             0	
132.750	             0	             0	
133.071	             0	             0	
133.393	             0	             0	
133.714	             0	             0	
134.036	             0	             0	
134.357	             0	             0	
134.679	             0	             0	
135.000	             0	             0	
135.321	             0	             0	
135.643	             0	             0	
135.964	             0	             0	
136.286	             0	             0	
136.607	             0	             0	
136.929	             0	             0	
137.250	             0	             0	
137.571	             0	             0	
137.893	             0	             0	
138.214	             0	             0	
138.536	             0	             0	
138.857	             0	             0	
139.179	             0	             0	
139.500	             0	             0	
139.821	             0	             0	
140.143	             0	             0	
140.464	             0	             0	
140.786	             0	             0	
141.107	             0	             0	
141.429	             0	             0	
141.750	             0	             0	
142.071	             0	             0	
142.393	             0	             0	
142.714	             0	             0	
143.036	             0	             0	
143.357	             0	             0	
143.679	             0	             0	
144.000	             0	             0	
144.321	             0	             0	
144.643	             0	             0	
144.964	             0	             0	
145.286	             0	             0	
145.607	             0	             0	
145.929	             0	             0	
146.250	             0	             0	
146.571	             0	             0	
146.893	             0	             0	
147.214	             0	             0	
147.536	             0	             0	
147.857	             0	             0	
148.179	             0	             0	
148.500	             0	             0	
148.821	             0	             0	
149.143	             0	             0	
149.464	             0	             0	
149.786	             0	             0	
150.107	             0	             0	
150.429	             0	             0	
150.750	             0	             0	
151.071	             0	             0	
151.393	             0	             0	
151.714	             0	             0	
152.036	             0	             0	
152.357	             0	             0	
152.679	             0	             0	
153.000	             0	             0	
153.321	             0	             0	
153.643	             0	             0	
153.964	             0	             0	
154.286	             0	             0	
154.607	             0	             0	
154.929	             0	             0	
155.250	             0	             0	
155.571	             0	             0	
155.893	             0	             0	
156.214	             0	             0	
156.536	             0	             0	
156.857	             0	             0	
157.179	             0	             0	
157.500	             0	             0	
157.821	             0	             0	
158.143	             0	             0	
158.464	             0	             0	
158.786	             0	             0	
159.107	             0	             0	
159.429	             0	             0	
159.750	             0	             0	
160.071	             0	             0	
160.393	             0	             0	
160.714	             0	             0	
161.036	             0	             0	
161.357	             0	             0	
161.679	             0	             0	
162.000	             0	             0	
162.321	             0	             0	
162.643	             0	             0	
162.964	             0	             0	
163.286	             0	             0	
163.607	             0	             0	
163.929	             0	             0	
164.250	             0	             0	
164.571	             0	             0	
164.893	             0	             0	
165.214	             0	             0	
165.536	             0	             0	
165.857	             0	             0	
166.179	             0	             0	
166.500	             0	             0	
166.821	             0	             0	
167.143	             0	             0	
167.464	             0	             0	
167.786	             0	             0	
168.107	             0	             0	
168.429	             0	             0	
168.750	             0	             0	
169.071	             0	             0	
169.393	             0	             0	
169.714	             0	             0	
170.036	             0	             0	
170.357	             0	             0	
170.679	             0	             0	
171.000	             0	             0	
171.321	             0	             0	
171.643	             0	             0	
171.964	             0	             0	
172.286	             0	             0	
172.607	             0	             0	
172.929	             0	             0	
173.250	             0	             0	
173.571	             0	             0	
173.893	             0	             0	
174.214	             0	             0	
174.536	             0	             0	
174.857	             0	             0	
175.179	             0	             0	
175.500	             0	             0	
175.821	             0	             0	
176.143	             0	             0	
176.464	             0	             0	
176.786	             0	             0	
177.107	             0	             0	
177.429	             0	             0	
177.750	             0	             0	
178.071	             0	             0	
178.393	             0	             0	
178.714	             0	             0	
179.036	             0	             0	
179.357	             0	             0	
179.679	             0	             0	
180.000	             0	             0	
